3520
216.8558

3540
97.0302

3560
121.0628

3580
91.698

3600
97.5062

3620
97.2131

3640
80.1004

3660
94.7756

3680
76.5511

3700
106.7827

3720
86.4769

3740
88.7736

3760
97.1634

3780
108.0179

3800
96.2993

3820
71.1734

3840
108.5574

3860
79.2091

3880
90.9094

3900
76.5624

3920
95.7824

3940
78.6124

3960
104.789

3980
109.6705

4000
93.3285

4020
110.8984

4040
72.5814

4060
97.2134

4080
101.0969

4100
75.8369

4120
112.9514

4140
98.6376

4160
78.3814

4180
90.1322

4200
97.5648

4220
89.7029

4240
94.0591

4260
107.3483

4280
76.4984

4300
84.6032

4320
84.4745

4340
77.9825

4360
100.7971

4380
91.4454

4400
74.1843

4420
81.4249

4440
65.0986

4460
93.6945

4480
75.3935

4500
91.7122

4520
95.4221

4540
84.956

4560
80.292

4580
68.4477

4600
84.864

4620
77.119

4640
86.9845

4660
86.604

4680
72.9414

4700
72.9365

4720
94.4469

4740
100.1246

4760
76.8743

4780
75.5447

4800
103.2991

4820
86.977

4840
86.374

4860
94.6967

4880
71.7644

4900
92.701

4920
95.2665

4940
87.236

4960
91.7144

4980
108.8432

5000
112.385

5020
78.1927

5040
101.9031

5060
71.6495

5080
104.8089

5100
102.6804

5120
74.4118

5140
104.4901

5160
98.0072

5180
85.2761

5200
85.8066

5220
93.9858

5240
100.7706

5260
92.2241

5280
79.7907

5300
111.4507

5320
84.8598

5340
96.8724

5360
93.5153

5380
82.8398

5400
87.1876

5420
90.9221

5440
83.8916

5460
90.207

5480
84.4386

5500
81.6

5520
75.5473

5540
93.3469

5560
82.5737

5580
90.4664

5600
92.3448

5620
97.6955

5640
85.9228

5660
91.8714

5680
105.5534

5700
78.5054

5720
92.9482

5740
72.5758

5760
93.1313

5780
99.9119

5800
87.2039

5820
74.3608

5840
85.8486

5860
81.4923

5880
82.5239

5900
99.8898

5920
93.906

5940
91.7322

5960
88.4928

5980
94.745

6000
97.658

6020
73.3519

6040
67.4071

6060
83.6004

6080
96.9472

6100
81.8416

6120
91.1934

6140
82.6714

6160
95.5614

6180
100.961

6200
73.3741

6220
80.0142

6240
72.9496

6260
76.8799

6280
110.4161

6300
87.4589

6320
74.0017

6340
77.8254

6360
92.3071

6380
88.8461

6400
76.3868

6420
79.0069

6440
79.158

6460
79.9755

6480
103.8034

6500
95.9288

6520
89.126

6540
78.1515

6560
85.5122

6580
80.2221

6600
102.4262

6620
84.9515

6640
87.1633

6660
75.9367

6680
86.0033

6700
85.2848

6720
81.0761

6740
99.3418

6760
79.8066

6780
71.5421

6800
89.8278

6820
71.3933

6840
80.6483

6860
91.1922

6880
77.2331

6900
84.1816

6920
95.9974

6940
102.3257

6960
83.8066

6980
85.4223

7000
94.7678

7020
93.2701

