42200
61.9111

42220
68.3009

42240
67.557

42260
50.1994

42280
71.6051

42300
88.6869

42320
78.8441

42340
75.1449

42360
63.2634

42380
106.9694

42400
75.051

42420
101.547

42440
76.8286

42460
61.9357

42480
81.7538

42500
66.7695

42520
63.2524

42540
44.7006

42560
80.1492

42580
76.0073

42600
72.1281

42620
60.7669

42640
78.8773

42660
51.5186

42680
72.9911

42700
74.1293

42720
60.4256

42740
55.5556

42760
67.7983

42780
63.5093

42800
65.4081

42820
73.1565

42840
56.8106

42860
47.3239

42880
60.306

42900
95.3258

42920
70.485

42940
100.2561

42960
59.7461

42980
60.4621

43000
77.1801

43020
65.1253

43040
83.9615

43060
70.2173

43080
74.0011

43100
60.0088

43120
63.1314

43140
72.7

43160
59.7004

43180
55.0868

43200
64.9147

43220
68.143

43240
69.8836

43260
71.1075

43280
69.4915

43300
68.2932

43320
75.7639

43340
66.5769

43360
83.3146

43380
68.5376

43400
71.8374

43420
82.1624

43440
77.5659

43460
64.8856

43480
82.9219

43500
48.4751

43520
92.6791

43540
78.618

43560
72.401

43580
68.4095

43600
76.925

43620
84.8839

43640
61.9114

43660
73.6169

43680
73.1681

43700
68.3893

43720
64.9597

43740
43.1145

43760
59.9577

43780
78.2329

43800
59.0612

43820
63.1966

43840
64.6593

43860
86.4504

43880
73.221

43900
68.9788

43920
51.6178

43940
53.4466

43960
63.0022

43980
64.672

44000
51.8245

44020
63.9512

44040
90.4431

44060
64.0312

44080
62.5261

44100
56.2709

44120
60.6892

44140
68.6154

44160
85.2199

44180
67.7915

44200
63.8455

44220
57.2354

44240
60.8875

44260
69.9474

44280
77.5591

44300
49.5005

44320
49.3319

44340
67.9127

44360
84.1018

44380
64.3188

44400
52.1917

44420
69.4274

44440
70.8412

44460
66.323

44480
66.6929

44500
67.9206

44520
66.7775

44540
63.4506

44560
54.2004

44580
62.5552

44600
61.0991

44620
56.6065

44640
79.8976

44660
47.7432

44680
45.9263

44700
70.8573

44720
61.7854

44740
69.4137

44760
69.7143

44780
84.2589

44800
59.1357

44820
84.24

44840
58.0479

44860
63.4778

44880
75.5202

44900
82.1617

44920
63.6481

44940
75.4009

44960
88.3787

44980
86.4431

45000
66.6914

45020
82.694

45040
88.8338

45060
68.3747

45080
68.5687

45100
49.7964

45120
63.7806

45140
68.1659

45160
74.9055

45180
72.3522

45200
72.7495

45220
72.1241

45240
64.5547

45260
66.319

45280
46.6968

45300
63.8588

45320
68.6769

45340
63.0338

45360
66.2845

45380
68.2815

45400
70.7253

45420
79.658

45440
49.9176

45460
95.7948

45480
91.9864

45500
55.3583

45520
67.9728

45540
55.4442

45560
73.5969

45580
79.0065

45600
51.2203

45620
72.0982

45640
60.9065

45660
81.1506

45680
56.6408

45700
53.6072

