38680
72.1369

38700
88.0214

38720
72.9805

38740
83.9349

38760
65.2299

38780
74.5914

38800
90.1057

38820
70.085

38840
57.4941

38860
89.7592

38880
71.4506

38900
56.2113

38920
81.7628

38940
50.9892

38960
56.243

38980
82.4803

39000
69.1794

39020
85.9741

39040
70.1973

39060
54.0044

39080
68.1651

39100
54.4414

39120
86.423

39140
49.4339

39160
81.1441

39180
66.5436

39200
88.0421

39220
64.954

39240
83.5337

39260
54.4209

39280
62.4273

39300
82.3168

39320
90.5627

39340
74.1088

39360
62.9914

39380
65.0561

39400
65.9368

39420
63.2594

39440
67.1116

39460
89.3012

39480
68.3332

39500
82.5147

39520
74.1101

39540
61.6938

39560
68.1953

39580
81.9911

39600
66.8432

39620
81.7892

39640
65.5707

39660
75.3043

39680
80.5318

39700
80.3154

39720
68.1758

39740
97.7942

39760
95.5582

39780
69.7453

39800
62.9099

39820
57.3451

39840
56.2094

39860
57.1531

39880
67.6677

39900
84.5045

39920
57.6632

39940
63.6296

39960
59.7323

39980
62.2078

40000
69.7738

40020
79.2674

40040
66.4428

40060
69.6997

40080
60.5394

40100
78.5725

40120
76.0618

40140
63.2188

40160
77.4415

40180
52.1285

40200
56.7311

40220
56.1434

40240
73.5051

40260
75.1229

40280
68.0642

40300
50.1012

40320
70.774

40340
92.0915

40360
64.4251

40380
70.1434

40400
95.0007

40420
78.8394

40440
50.6386

40460
52.5062

40480
76.8753

40500
71.7896

40520
71.6246

40540
73.3955

40560
71.0154

40580
59.611

40600
69.4535

40620
49.7877

40640
67.5855

40660
56.8393

40680
75.929

40700
81.0826

40720
87.0007

40740
60.0868

40760
70.6703

40780
79.1726

40800
70.2325

40820
73.2249

40840
67.0331

40860
64.0471

40880
58.2271

40900
61.7813

40920
106.5498

40940
85.2048

40960
63.8375

40980
82.8246

41000
66.5379

41020
64.8531

41040
54.4146

41060
98.1641

41080
89.9165

41100
61.5168

41120
77.2465

41140
67.6017

41160
55.7745

41180
65.3725

41200
78.2681

41220
64.4385

41240
59.2112

41260
70.4428

41280
68.6293

41300
78.7136

41320
71.8002

41340
65.2796

41360
69.327

41380
80.412

41400
74.4789

41420
81.0674

41440
63.7659

41460
77.6267

41480
96.9259

41500
73.8896

41520
80.3183

41540
69.7664

41560
83.1746

41580
68.0407

41600
71.2564

41620
71.6306

41640
75.6486

41660
87.5434

41680
93.7138

41700
65.228

41720
70.2692

41740
77.1529

41760
68.6188

41780
63.3522

41800
78.3151

41820
67.1759

41840
82.6298

41860
82.7525

41880
63.3807

41900
69.8985

41920
65.225

41940
57.9265

41960
70.6835

41980
51.1397

42000
90.1853

42020
64.0848

42040
54.8047

42060
84.4689

42080
71.2061

42100
83.0995

42120
61.0664

42140
66.1169

42160
65.2456

42180
83.1706

