10560
99.3683

10580
71.2069

10600
84.6511

10620
59.1319

10640
87.7911

10660
64.6826

10680
60.9803

10700
78.6693

10720
84.8966

10740
89.0021

10760
74.7784

10780
79.0886

10800
83.735

10820
80.1852

10840
80.9967

10860
76.3537

10880
98.8466

10900
76.9027

10920
100.1317

10940
87.3401

10960
105.3994

10980
81.1038

11000
79.3583

11020
72.6035

11040
94.1343

11060
72.7153

11080
86.0336

11100
67.702

11120
91.9501

11140
80.2082

11160
77.8513

11180
97.6774

11200
78.7145

11220
102.8548

11240
94.7835

11260
89.6579

11280
65.3961

11300
79.4252

11320
84.7807

11340
102.5679

11360
74.078

11380
65.4672

11400
94.6567

11420
101.0959

11440
70.8125

11460
76.401

11480
74.8831

11500
89.079

11520
78.3882

11540
69.2256

11560
63.9723

11580
76.221

11600
79.1704

11620
86.2287

11640
99.2866

11660
76.6929

11680
86.8443

11700
73.3489

11720
77.811

11740
94.1942

11760
96.1527

11780
70.2674

11800
83.7676

11820
78.4017

11840
65.4445

11860
93.7039

11880
83.7329

11900
67.9992

11920
119.4359

11940
87.3678

11960
75.386

11980
92.4942

12000
58.4858

12020
80.9578

12040
64.0733

12060
88.144

12080
66.4034

12100
81.5604

12120
84.4464

12140
101.9981

12160
82.7046

12180
103.0511

12200
65.4071

12220
88.9233

12240
66.5224

12260
86.1155

12280
98.3483

12300
61.2854

12320
87.8642

12340
98.6391

12360
98.0897

12380
74.8856

12400
75.7045

12420
83.3883

12440
66.2438

12460
91.4227

12480
74.7022

12500
86.8797

12520
89.158

12540
66.3263

12560
74.551

12580
87.2502

12600
71.1305

12620
61.58

12640
99.7777

12660
69.6248

12680
71.9453

12700
80.0959

12720
75.8105

12740
91.0404

12760
72.978

12780
81.1382

12800
71.6641

12820
71.0116

12840
78.2032

12860
77.6189

12880
74.1226

12900
93.7678

12920
68.9604

12940
68.6057

12960
88.886

12980
79.4433

13000
62.9939

13020
87.8736

13040
82.9319

13060
76.579

13080
60.0984

13100
72.1361

13120
79.503

13140
85.1331

13160
66.2087

13180
76.2994

13200
66.7785

13220
70.1988

13240
92.0977

13260
63.7257

13280
64.5806

13300
71.0316

13320
81.1562

13340
76.1749

13360
89.4456

13380
90.1047

13400
83.4035

13420
75.0713

13440
77.3321

13460
96.3911

13480
72.2884

13500
86.1786

13520
65.8902

13540
72.6292

13560
83.0147

13580
81.6545

13600
81.4784

13620
69.1508

13640
70.9057

13660
71.4757

13680
79.8259

13700
71.1152

13720
94.0131

13740
92.4443

13760
77.9784

13780
86.221

13800
72.4909

13820
89.9588

13840
84.9391

13860
77.6311

13880
77.5521

13900
89.5571

13920
81.4523

13940
91.2724

13960
83.0194

13980
99.0684

14000
71.7808

14020
87.816

14040
57.3864

14060
69.8084

