17580
131.536

17600
84.0536

17620
114.0463

17640
64.2586

17660
103.5742

17680
87.4139

17700
73.2283

17720
72.909

17740
70.5629

17760
82.1137

17780
93.8252

17800
110.5753

17820
93.2601

17840
91.5506

17860
63.6419

17880
81.3928

17900
84.3491

17920
85.7002

17940
64.679

17960
81.4496

17980
74.5735

18000
62.2413

18020
80.3573

18040
104.4037

18060
77.648

18080
78.3729

18100
76.5757

18120
75.9824

18140
78.3518

18160
64.8819

18180
115.3058

18200
105.955

18220
76.2207

18240
76.8031

18260
103.5858

18280
63.1566

18300
69.0607

18320
89.4375

18340
72.2609

18360
56.4029

18380
73.8334

18400
59.0246

18420
83.4357

18440
86.5717

18460
86.2097

18480
65.578

18500
59.106

18520
69.711

18540
77.2675

18560
86.8097

18580
97.4706

18600
65.1511

18620
57.9638

18640
72.6242

18660
85.7351

18680
58.5989

18700
82.0039

18720
92.3536

18740
76.5346

18760
62.4746

18780
77.8308

18800
88.3969

18820
81.5876

18840
90.0557

18860
76.2576

18880
91.2569

18900
89.3933

18920
89.5839

18940
67.3422

18960
82.6973

18980
83.076

19000
77.4076

19020
85.4425

19040
74.635

19060
68.1343

19080
80.9927

19100
76.2731

19120
64.9273

19140
91.2711

19160
65.1833

19180
72.5398

19200
76.111

19220
79.1025

19240
65.5481

19260
65.4325

19280
98.9362

19300
71.0858

19320
65.1459

19340
78.0832

19360
68.3601

19380
78.5119

19400
67.8708

19420
67.2967

19440
85.6661

19460
64.5929

19480
62.8774

19500
69.5962

19520
69.2103

19540
72.9556

19560
67.0726

19580
81.9522

19600
71.4167

19620
78.3293

19640
74.4987

19660
66.4585

19680
82.5684

19700
58.1133

19720
66.4355

19740
85.4942

19760
81.825

19780
79.0945

19800
68.7547

19820
70.0801

19840
84.827

19860
91.4627

19880
90.9387

19900
59.2694

19920
74.1293

19940
68.5771

19960
65.723

19980
76.6578

20000
84.7569

20020
74.1985

20040
88.7918

20060
75.1052

20080
76.3227

20100
68.699

20120
50.7484

20140
77.1472

20160
72.444

20180
89.743

20200
79.6535

20220
58.0623

20240
82.3222

20260
72.0542

20280
83.125

20300
69.9161

20320
60.9741

20340
75.7551

20360
58.6541

20380
68.8588

20400
67.3894

20420
88.1355

20440
54.9695

20460
64.8075

20480
78.4412

20500
62.9124

20520
61.7086

20540
59.8853

20560
80.5227

20580
80.912

20600
92.9718

20620
99.3281

20640
75.4545

20660
85.4475

20680
85.814

20700
74.379

20720
73.9976

20740
88.0522

20760
67.3441

20780
71.9167

20800
89.1886

20820
74.3754

20840
69.2959

20860
92.0045

20880
60.483

20900
73.9966

20920
68.6979

20940
77.962

20960
69.6731

20980
108.1912

21000
85.3291

21020
72.1402

21040
81.035

21060
66.5026

21080
60.0363

