49240
59.5942

49260
63.8182

49280
68.049

49300
67.3031

49320
61.2298

49340
64.3093

49360
66.4432

49380
82.5302

49400
83.6393

49420
58.6751

49440
49.0778

49460
75.2548

49480
63.1642

49500
78.8787

49520
93.6929

49540
68.0449

49560
57.93

49580
56.4041

49600
59.0406

49620
73.0106

49640
66.5291

49660
60.3008

49680
87.7195

49700
52.6556

49720
62.7961

49740
47.3671

49760
73.8314

49780
77.0191

49800
57.4971

49820
100.8977

49840
99.9776

49860
63.1872

49880
63.8914

49900
59.3173

49920
52.9798

49940
73.1593

49960
65.3081

49980
44.3523

50000
55.4654

50020
92.9143

50040
68.9838

50060
71.6843

50080
63.2624

50100
69.8194

50120
64.7738

50140
56.1005

50160
63.8651

50180
67.9222

50200
56.197

50220
65.212

50240
91.594

50260
73.1318

50280
63.668

50300
75.0808

50320
75.4159

50340
65.0366

50360
57.7398

50380
76.3017

50400
68.7547

50420
47.9881

50440
68.9037

50460
71.4877

50480
80.6674

50500
59.3444

50520
77.778

50540
65.1573

50560
78.9837

50580
62.7093

50600
50.8963

50620
68.0714

50640
64.8805

50660
65.315

50680
63.4119

50700
47.8427

50720
61.2064

50740
75.5841

50760
83.8597

50780
73.815

50800
108.4732

50820
67.3672

50840
70.0838

50860
88.8442

50880
64.3661

50900
65.9277

50920
95.8746

50940
57.0591

50960
61.3819

50980
86.6886

51000
76.1972

51020
64.6864

51040
57.4899

51060
57.6622

51080
65.7196

51100
72.9342

51120
69.9003

51140
58.6091

51160
60.2971

51180
50.436

51200
50.8395

51220
55.6795

51240
60.729

51260
62.1519

51280
79.7956

51300
64.0545

51320
71.962

51340
66.5643

51360
63.6267

51380
89.5255

51400
46.1628

51420
61.6857

51440
55.9136

51460
55.8277

51480
47.6987

51500
82.1217

51520
70.6579

51540
56.7515

51560
79.2167

51580
71.3864

51600
69.0324

51620
72.5675

51640
73.1759

51660
81.1189

51680
74.0024

51700
74.3179

51720
53.7211

51740
63.0913

51760
80.2602

51780
78.9676

51800
57.6535

51820
70.6592

51840
70.3309

51860
71.2355

51880
56.3036

51900
48.8931

51920
61.5564

51940
67.0903

51960
62.9604

51980
64.9873

52000
61.3603

52020
64.8659

52040
64.0276

52060
67.3754

52080
61.2746

52100
66.5385

52120
69.9894

52140
74.6753

52160
70.4956

52180
64.8871

52200
46.7512

52220
60.1411

52240
62.4358

52260
55.2219

52280
74.0806

52300
54.3815

52320
70.7126

52340
77.6289

52360
90.6123

52380
80.5414

52400
64.0535

52420
67.7539

52440
66.6869

52460
77.1645

52480
60.6757

52500
76.118

52520
75.8919

52540
69.0623

52560
53.0751

52580
58.6046

52600
79.6099

52620
72.1606

52640
48.2602

52660
64.5238

52680
68.6955

52700
67.4714

52720
49.8211

52740
54.4777

