14080
76.8207

14100
78.0396

14120
69.897

14140
62.9997

14160
68.1591

14180
83.7913

14200
66.7487

14220
78.8592

14240
84.5989

14260
62.8158

14280
55.4284

14300
76.8614

14320
101.6179

14340
86.704

14360
73.9554

14380
75.7261

14400
86.8948

14420
59.87

14440
64.939

14460
83.6974

14480
87.0424

14500
89.5072

14520
57.5449

14540
68.3554

14560
70.6343

14580
80.7031

14600
86.4456

14620
76.1725

14640
72.7485

14660
78.6356

14680
67.2384

14700
73.5362

14720
87.7511

14740
84.3732

14760
96.2356

14780
79.8478

14800
86.9961

14820
81.2881

14840
65.265

14860
58.7588

14880
95.5359

14900
73.846

14920
72.3688

14940
66.1635

14960
101.2654

14980
66.9376

15000
69.2932

15020
74.6385

15040
78.5181

15060
64.7176

15080
72.6292

15100
64.1291

15120
72.3634

15140
73.8653

15160
54.9635

15180
82.4068

15200
75.9994

15220
92.316

15240
91.9643

15260
69.959

15280
68.1103

15300
71.3616

15320
75.5793

15340
104.5347

15360
87.2907

15380
61.3216

15400
75.4442

15420
78.3633

15440
83.1258

15460
65.8707

15480
84.0274

15500
78.7644

15520
92.5039

15540
101.4815

15560
94.3851

15580
64.9585

15600
66.3707

15620
72.1665

15640
74.8766

15660
70.1078

15680
88.2994

15700
76.5952

15720
71.205

15740
104.4104

15760
77.6394

15780
59.2339

15800
77.6646

15820
62.1865

15840
84.2881

15860
92.1654

15880
68.9026

15900
74.8886

15920
72.737

15940
61.3092

15960
89.1498

15980
91.531

16000
70.2824

16020
79.4125

16040
86.5097

16060
107.5347

16080
75.6533

16100
87.2349

16120
60.4273

16140
71.5059

16160
76.429

16180
74.1838

16200
73.0228

16220
62.6214

16240
56.012

16260
62.2866

16280
97.9835

16300
77.9982

16320
74.4715

16340
76.2238

16360
78.2516

16380
77.5017

16400
74.5803

16420
87.1771

16440
58.9085

16460
62.4648

16480
65.799

16500
69.9624

16520
69.8826

16540
70.8607

16560
86.489

16580
106.4611

16600
69.4284

16620
74.0078

16640
68.2048

16660
76.2846

16680
96.9021

16700
79.6318

16720
81.3055

16740
80.0438

16760
75.3584

16780
87.3143

16800
64.1332

16820
83.3973

16840
86.2024

16860
88.6557

16880
58.9813

16900
72.8772

16920
74.2078

16940
77.1941

16960
82.6013

16980
89.1658

17000
81.8521

17020
66.735

17040
93.439

17060
59.2082

17080
70.4328

17100
73.5447

17120
89.442

17140
106.1341

17160
65.8022

17180
71.1124

17200
71.4142

17220
76.8139

17240
78.2174

17260
91.5169

17280
71.4782

17300
79.4654

17320
71.8672

17340
75.1453

17360
74.0483

17380
65.8589

17400
60.1057

17420
74.1996

17440
81.4127

17460
80.3151

17480
80.3401

17500
68.1753

17520
79.3702

17540
71.566

17560
82.7195

