35160
29.6729

35180
78.964

35200
66.5949

35220
72.3394

35240
62.5158

35260
69.6466

35280
76.2578

35300
60.3562

35320
65.5194

35340
64.5752

35360
59.9667

35380
91.0546

35400
59.3469

35420
89.8969

35440
74.4974

35460
86.9241

35480
60.6022

35500
61.6758

35520
79.9838

35540
58.0297

35560
67.0372

35580
66.9324

35600
79.1464

35620
54.9824

35640
56.6458

35660
68.0566

35680
60.3088

35700
92.6618

35720
83.5797

35740
76.7606

35760
72.1559

35780
65.4917

35800
60.6266

35820
61.8113

35840
57.6217

35860
56.2871

35880
56.5209

35900
82.0052

35920
59.7106

35940
55.8411

35960
78.2674

35980
61.3777

36000
44.6167

36020
69.0649

36040
79.3995

36060
89.7078

36080
65.343

36100
78.0874

36120
106.8127

36140
71.856

36160
61.0047

36180
56.2317

36200
76.1091

36220
62.7743

36240
63.6172

36260
76.4357

36280
77.7012

36300
54.8629

36320
56.1332

36340
69.3326

36360
60.4975

36380
53.4588

36400
72.5589

36420
69.3239

36440
74.4398

36460
101.9676

36480
72.7615

36500
56.7504

36520
62.4888

36540
60.4154

36560
60.0136

36580
65.8766

36600
83.4729

36620
52.1433

36640
82.4673

36660
69.4385

36680
80.2315

36700
79.8393

36720
58.8741

36740
94.3428

36760
56.809

36780
72.6562

36800
76.8415

36820
60.1638

36840
69.1948

36860
69.3259

36880
57.8348

36900
85.2974

36920
71.6805

36940
51.1263

36960
69.4364

36980
63.1897

37000
80.7758

37020
49.0626

37040
76.1516

37060
92.7329

37080
58.1214

37100
52.711

37120
67.9398

37140
83.5907

37160
83.6212

37180
70.9861

37200
68.8297

37220
60.6583

37240
67.1562

37260
62.6876

37280
87.9354

37300
74.895

37320
66.6183

37340
76.6589

37360
62.4199

37380
94.7391

37400
75.418

37420
64.3828

37440
84.8695

37460
78.4844

37480
62.4924

37500
59.5037

37520
66.2337

37540
103.6642

37560
52.445

37580
74.8178

37600
80.8368

37620
81.1631

37640
59.8283

37660
77.4641

37680
73.0092

37700
67.6794

37720
70.7867

37740
79.157

37760
67.1806

37780
91.8563

37800
77.9338

37820
78.2079

37840
64.4496

37860
68.9428

37880
77.0695

37900
53.641

37920
56.9015

37940
68.4221

37960
73.2895

37980
77.7653

38000
76.2826

38020
60.4909

38040
59.0633

38060
96.4942

38080
75.0363

38100
55.4657

38120
73.4758

38140
63.1046

38160
68.2441

38180
62.4386

38200
68.677

38220
72.7186

38240
52.6649

38260
72.3317

38280
54.316

38300
78.6389

38320
76.714

38340
58.5218

38360
76.7887

38380
72.8726

38400
68.2137

38420
93.778

38440
66.733

38460
75.8761

38480
62.8478

38500
64.1043

38520
76.5436

38540
54.1832

38560
70.6187

38580
67.2609

38600
72.8364

38620
63.4325

38640
46.6934

38660
74.0097

