52760
74.5287

52780
86.2485

52800
67.1714

52820
82.4919

52840
56.2207

52860
91.6949

52880
56.388

52900
64.1418

52920
106.8801

52940
54.721

52960
75.8333

52980
69.6352

53000
77.1031

53020
67.0808

53040
62.1181

53060
70.1991

53080
57.5285

53100
71.207

53120
66.4744

53140
69.3234

53160
63.8177

53180
73.1399

53200
62.1519

53220
68.8785

53240
92.8858

53260
75.0709

53280
65.0044

53300
80.8438

53320
52.4044

53340
63.9541

53360
61.32

53380
65.5974

53400
55.2979

53420
89.5425

53440
61.4591

53460
53.4424

53480
66.088

53500
63.0514

53520
77.0893

53540
77.5109

53560
54.9244

53580
84.9704

53600
87.4096

53620
73.4611

53640
102.3697

53660
60.4931

53680
57.069

53700
52.9544

53720
76.8163

53740
66.1182

53760
74.2423

53780
86.4455

53800
86.9001

53820
96.7109

53840
67.9343

53860
51.1081

53880
65.4967

53900
58.7929

53920
89.9361

53940
77.1674

53960
63.455

53980
71.8474

54000
65.0903

54020
80.3094

54040
76.0288

54060
60.5545

54080
67.2249

54100
49.3212

54120
77.0601

54140
67.4332

54160
60.4285

54180
60.3148

54200
63.0209

54220
84.3371

54240
57.3278

54260
65.763

54280
84.0645

54300
50.212

54320
63.0403

54340
55.4006

54360
76.8012

54380
82.2988

54400
74.8703

54420
61.2552

54440
65.0201

54460
75.821

54480
73.2439

54500
61.3492

54520
58.8144

54540
63.9054

54560
78.0943

54580
92.0773

54600
49.1989

54620
81.3722

54640
52.2299

54660
54.2915

54680
44.2085

54700
60.511

54720
60.5502

54740
62.0389

54760
62.8265

54780
62.0406

54800
76.5605

54820
51.0179

54840
64.7847

54860
61.217

54880
60.1677

54900
70.0786

54920
89.5262

54940
83.7

54960
70.6583

54980
64.3771

55000
51.1535

55020
67.1828

55040
65.6113

55060
61.5144

55080
56.3072

55100
73.0273

55120
55.6405

55140
70.5431

55160
60.1936

55180
67.5382

55200
61.48

55220
70.299

55240
71.451

55260
76.516

55280
60.0084

55300
48.7079

55320
68.0332

55340
101.1544

55360
69.9652

55380
51.2596

55400
80.2123

55420
63.5748

55440
70.976

55460
57.4411

55480
98.8503

55500
70.2923

55520
75.2056

55540
75.3319

55560
76.8545

55580
78.9921

55600
51.6147

55620
49.6425

55640
82.3931

55660
63.2176

55680
59.5662

55700
103.5905

55720
65.4713

55740
54.5064

55760
60.4824

55780
77.7556

55800
71.3443

55820
66.4197

55840
95.3278

55860
78.9165

55880
72.8615

55900
78.4196

55920
57.6381

55940
59.7789

55960
61.4408

55980
52.1602

56000
72.2129

56020
69.7318

56040
85.1088

56060
70.2551

56080
79.6095

56100
57.4729

56120
70.4196

56140
54.2823

56160
90.5365

56180
62.6712

56200
56.2691

56220
58.8913

56240
78.0155

56260
62.9705

