24620
75.1355

24640
81.9681

24660
56.6544

24680
85.4843

24700
76.706

24720
61.9913

24740
72.6404

24760
77.4328

24780
57.3596

24800
64.6681

24820
63.3162

24840
70.6212

24860
76.1945

24880
63.9094

24900
69.3464

24920
94.7418

24940
81.1408

24960
69.0709

24980
83.3598

25000
73.3799

25020
62.7762

25040
64.0604

25060
73.1727

25080
53.6312

25100
71.605

25120
70.9234

25140
65.119

25160
60.2666

25180
84.8089

25200
83.8621

25220
62.2966

25240
67.3264

25260
76.7343

25280
66.0504

25300
85.632

25320
79.1413

25340
55.4349

25360
87.4836

25380
67.715

25400
64.8342

25420
74.7514

25440
73.0353

25460
73.8973

25480
90.8865

25500
72.8793

25520
73.9973

25540
80.4601

25560
47.3053

25580
85.3719

25600
92.9478

25620
75.361

25640
101.4839

25660
61.1155

25680
90.6964

25700
101.6685

25720
80.0649

25740
95.3728

25760
76.5282

25780
83.8406

25800
70.4445

25820
75.1655

25840
87.1412

25860
90.8659

25880
73.4199

25900
72.9933

25920
92.4429

25940
60.5046

25960
52.462

25980
69.2344

26000
88.3422

26020
82.0837

26040
78.6277

26060
81.8537

26080
95.9553

26100
92.2846

26120
64.9461

26140
60.5895

26160
72.4629

26180
81.1698

26200
69.1195

26220
74.454

26240
55.3175

26260
68.2867

26280
60.2616

26300
67.848

26320
91.3209

26340
68.1379

26360
89.7913

26380
75.1139

26400
83.0041

26420
63.822

26440
73.4786

26460
74.7347

26480
100.1974

26500
67.7569

26520
76.8101

26540
87.0873

26560
59.6955

26580
91.2543

26600
76.1346

26620
66.8153

26640
61.794

26660
72.1786

26680
67.7141

26700
109.3808

26720
58.7171

26740
74.2003

26760
106.8513

26780
79.5689

26800
78.8148

26820
80.6879

26840
71.1203

26860
58.5641

26880
60.2753

26900
70.818

26920
59.2529

26940
81.4505

26960
67.8648

26980
59.803

27000
75.8352

27020
92.8477

27040
78.3333

27060
79.4579

27080
62.5213

27100
63.4767

27120
63.6521

27140
76.8193

27160
83.1733

27180
69.7653

27200
61.3454

27220
84.7476

27240
63.9477

27260
69.0515

27280
91.9847

27300
69.0765

27320
73.0014

27340
109.4793

27360
65.2248

27380
95.5021

27400
54.1602

27420
61.7013

27440
94.4647

27460
64.2879

27480
65.2617

27500
81.0728

27520
102.2716

27540
57.339

27560
77.1863

27580
74.4775

27600
57.2312

27620
67.4949

27640
90.2387

27660
56.1115

27680
94.0161

27700
65.8851

27720
64.6067

27740
66.1708

27760
98.5962

27780
60.0924

27800
76.4584

27820
69.1133

27840
79.4894

27860
63.5573

27880
68.0123

27900
77.2283

27920
78.9997

27940
79.5509

27960
73.1762

27980
56.6968

28000
61.8928

28020
83.613

28040
65.5998

28060
79.4749

28080
70.314

28100
76.6534

28120
79.886

