45720
75.0323

45740
55.5132

45760
60.8619

45780
52.4188

45800
71.7176

45820
57.8825

45840
60.825

45860
53.9995

45880
63.1977

45900
55.5997

45920
57.5282

45940
71.7472

45960
70.3656

45980
94.3023

46000
59.1774

46020
68.395

46040
75.2118

46060
89.8229

46080
58.9145

46100
81.0169

46120
69.0064

46140
62.9063

46160
54.7815

46180
80.7578

46200
87.1405

46220
64.2549

46240
64.5242

46260
65.4494

46280
48.7697

46300
99.586

46320
59.8512

46340
84.5972

46360
47.6804

46380
53.2553

46400
75.5097

46420
62.3791

46440
67.9977

46460
46.5097

46480
86.762

46500
74.6546

46520
72.2581

46540
66.821

46560
67.2779

46580
57.9811

46600
66.8066

46620
79.8916

46640
59.1343

46660
69.8041

46680
79.296

46700
84.6667

46720
70.3643

46740
78.8838

46760
66.5083

46780
68.2636

46800
74.7826

46820
76.9401

46840
66.9333

46860
65.8908

46880
75.6787

46900
61.702

46920
54.1135

46940
52.0679

46960
68.4538

46980
86.2393

47000
79.6893

47020
73.2134

47040
92.1485

47060
87.1916

47080
78.4401

47100
57.3642

47120
101.8484

47140
62.1778

47160
60.1413

47180
48.1938

47200
70.4124

47220
72.7209

47240
52.8446

47260
59.0469

47280
71.8813

47300
57.0998

47320
76.8607

47340
66.1226

47360
85.1987

47380
64.0522

47400
58.5722

47420
63.225

47440
87.055

47460
87.4914

47480
69.655

47500
74.142

47520
73.8871

47540
64.3629

47560
71.9663

47580
74.6526

47600
75.1668

47620
68.9061

47640
52.7496

47660
77.0874

47680
98.9491

47700
62.1969

47720
68.5697

47740
56.9494

47760
59.2461

47780
68.51

47800
67.265

47820
67.3633

47840
79.1801

47860
81.6476

47880
61.1824

47900
74.6136

47920
64.6535

47940
82.2511

47960
59.7948

47980
51.0212

48000
71.4333

48020
49.5616

48040
63.5696

48060
66.3924

48080
71.7901

48100
67.3521

48120
65.2653

48140
68.3358

48160
71.5829

48180
74.6293

48200
88.6959

48220
73.2343

48240
55.5582

48260
61.5628

48280
80.4774

48300
54.766

48320
59.793

48340
82.848

48360
88.5214

48380
79.879

48400
66.2243

48420
68.7959

48440
71.1041

48460
51.2208

48480
68.9895

48500
102.8386

48520
62.6087

48540
69.8609

48560
74.202

48580
65.2708

48600
71.3961

48620
71.317

48640
83.3976

48660
71.2126

48680
62.0483

48700
79.6394

48720
64.9002

48740
76.0895

48760
80.2173

48780
70.9909

48800
78.5872

48820
79.1331

48840
60.5575

48860
83.4659

48880
82.7749

48900
69.4067

48920
69.5503

48940
59.3203

48960
62.0993

48980
72.9266

49000
66.7263

49020
79.7731

49040
59.0617

49060
76.6621

49080
59.9056

49100
100.2722

49120
83.1642

49140
92.8239

49160
66.6168

49180
91.4112

49200
78.04

49220
69.7908

