28140
78.6793

28160
85.0576

28180
66.8584

28200
57.6026

28220
62.5018

28240
58.1226

28260
69.3679

28280
78.2219

28300
89.8039

28320
69.4931

28340
58.9225

28360
61.0726

28380
65.5137

28400
62.9315

28420
79.6768

28440
51.1943

28460
71.2256

28480
55.3064

28500
68.6672

28520
61.6932

28540
65.9746

28560
54.9882

28580
73.2505

28600
68.5508

28620
52.3292

28640
53.8319

28660
66.0315

28680
65.9747

28700
65.7308

28720
76.5079

28740
69.3685

28760
67.8529

28780
76.7584

28800
65.845

28820
69.7465

28840
62.3357

28860
71.7858

28880
89.0062

28900
68.5792

28920
63.9252

28940
71.5684

28960
69.0357

28980
74.5011

29000
80.4915

29020
65.5578

29040
64.1939

29060
81.6685

29080
73.9928

29100
71.7174

29120
71.3085

29140
59.7739

29160
85.7216

29180
70.3783

29200
66.69

29220
65.2411

29240
92.5113

29260
87.1681

29280
74.2415

29300
77.0502

29320
67.7272

29340
86.0211

29360
75.3149

29380
88.4492

29400
73.6169

29420
68.7343

29440
63.2508

29460
79.9347

29480
82.1787

29500
73.5042

29520
58.1747

29540
77.6479

29560
70.9473

29580
67.1143

29600
53.9722

29620
60.349

29640
56.7908

29660
72.981

29680
88.2612

29700
67.5108

29720
80.1408

29740
97.7086

29760
94.1718

29780
72.6174

29800
75.1063

29820
66.2138

29840
68.6837

29860
71.2058

29880
59.3822

29900
71.996

29920
64.3833

29940
100.5097

29960
78.3012

29980
59.4304

30000
50.3554

30020
60.5086

30040
68.5829

30060
87.3067

30080
57.8881

30100
94.8571

30120
57.133

30140
95.1343

30160
65.7578

30180
83.7014

30200
70.9256

30220
92.284

30240
77.3854

30260
87.5104

30280
82.6527

30300
73.9545

30320
63.4355

30340
66.5252

30360
87.9694

30380
88.1149

30400
78.1546

30420
64.8563

30440
71.9516

30460
78.0735

30480
98.1659

30500
67.9558

30520
60.3282

30540
107.8465

30560
97.8104

30580
64.7284

30600
81.2809

30620
52.4788

30640
58.8328

30660
80.618

30680
55.2654

30700
82.7608

30720
55.7206

30740
79.2885

30760
71.0135

30780
70.2955

30800
61.3541

30820
43.7373

30840
50.2788

30860
70.1616

30880
87.0742

30900
56.736

30920
63.2623

30940
88.4345

30960
77.4154

30980
66.4977

31000
74.1871

31020
63.7194

31040
74.4851

31060
73.2682

31080
50.5738

31100
70.3019

31120
76.2079

31140
65.9469

31160
65.4691

31180
76.9788

31200
94.0244

31220
71.9255

31240
88.8424

31260
55.165

31280
69.8408

31300
69.015

31320
99.0467

31340
58.7543

31360
56.0893

31380
57.5826

31400
70.87

31420
66.6694

31440
77.3113

31460
79.5632

31480
90.7951

31500
80.226

31520
61.4636

31540
81.8067

31560
77.6931

31580
70.1231

31600
54.4768

31620
64.9676

31640
64.5082

