21100
142.2122

21120
86.6733

21140
73.2567

21160
63.7686

21180
73.9179

21200
91.2215

21220
91.913

21240
77.0552

21260
72.9712

21280
66.355

21300
88.6869

21320
66.2715

21340
84.834

21360
66.5845

21380
72.7505

21400
60.7583

21420
77.6468

21440
86.7548

21460
80.9398

21480
58.7958

21500
88.7364

21520
92.7129

21540
61.556

21560
83.7457

21580
65.5869

21600
72.6276

21620
71.233

21640
92.9356

21660
99.8934

21680
79.3474

21700
81.869

21720
66.9238

21740
52.9262

21760
61.5604

21780
106.4785

21800
70.7839

21820
71.6717

21840
73.459

21860
59.8535

21880
78.3627

21900
71.751

21920
61.822

21940
60.3238

21960
77.448

21980
75.8131

22000
68.8412

22020
68.1267

22040
59.9018

22060
53.0616

22080
64.7803

22100
69.8696

22120
80.264

22140
98.3913

22160
69.3542

22180
78.8387

22200
93.2304

22220
76.7005

22240
66.4102

22260
56.4407

22280
116.4745

22300
74.7104

22320
69.1767

22340
53.575

22360
61.1629

22380
80.494

22400
65.7586

22420
87.112

22440
60.6474

22460
66.1887

22480
76.1992

22500
84.0189

22520
77.6099

22540
57.4239

22560
64.1476

22580
81.6531

22600
59.0125

22620
57.4569

22640
70.2754

22660
66.5402

22680
77.9828

22700
87.6955

22720
81.9477

22740
68.5537

22760
59.5747

22780
75.206

22800
74.4243

22820
85.4992

22840
86.5852

22860
60.1977

22880
66.0628

22900
72.7264

22920
69.6034

22940
77.8735

22960
68.6365

22980
89.1902

23000
68.851

23020
84.4293

23040
59.0386

23060
54.4196

23080
75.2558

23100
74.6302

23120
83.7578

23140
74.3448

23160
66.788

23180
62.5539

23200
60.3845

23220
86.2687

23240
88.1699

23260
84.6514

23280
82.1226

23300
80.5347

23320
66.9834

23340
88.3188

23360
65.4684

23380
59.9573

23400
82.7396

23420
79.8059

23440
77.2627

23460
96.0662

23480
91.7154

23500
78.8252

23520
70.8874

23540
71.6236

23560
64.0854

23580
87.187

23600
81.1537

23620
63.5864

23640
73.7682

23660
68.7024

23680
78.577

23700
85.0304

23720
65.7839

23740
73.9469

23760
73.6361

23780
77.1795

23800
65.9444

23820
58.6936

23840
55.9912

23860
74.0743

23880
64.8243

23900
61.222

23920
89.068

23940
65.524

23960
80.1788

23980
71.5702

24000
59.1937

24020
63.3811

24040
72.448

24060
71.6997

24080
71.3451

24100
55.7915

24120
64.8552

24140
57.9798

24160
50.8018

24180
63.1082

24200
57.5802

24220
80.8069

24240
78.2228

24260
99.4626

24280
85.6344

24300
90.4693

24320
90.7042

24340
70.8279

24360
65.8521

24380
65.7768

24400
72.699

24420
60.032

24440
94.4554

24460
65.095

24480
78.8276

24500
93.464

24520
96.8835

24540
69.2313

24560
69.6171

24580
76.6638

24600
75.2206

