7040
101.9685

7060
99.6942

7080
87.1232

7100
79.1622

7120
65.7527

7140
87.5209

7160
78.7753

7180
94.293

7200
80.5529

7220
98.0083

7240
108.8548

7260
73.2433

7280
67.2879

7300
90.4168

7320
81.306

7340
103.7748

7360
83.7226

7380
75.3696

7400
82.7985

7420
84.8338

7440
71.5556

7460
71.1076

7480
89.3802

7500
83.5061

7520
68.577

7540
79.1778

7560
93.8013

7580
107.5583

7600
68.3222

7620
69.7894

7640
73.1195

7660
76.1631

7680
89.2261

7700
94.8456

7720
90.7474

7740
80.9215

7760
90.313

7780
100.8869

7800
83.1982

7820
72.4147

7840
78.4433

7860
87.6913

7880
101.5998

7900
93.8207

7920
77.7575

7940
77.7049

7960
77.7374

7980
90.6605

8000
69.4843

8020
80.1151

8040
71.9762

8060
85.1133

8080
101.3785

8100
105.5097

8120
76.9881

8140
85.8742

8160
106.5453

8180
66.2138

8200
82.6767

8220
82.2669

8240
69.9877

8260
92.1427

8280
85.9341

8300
65.8954

8320
101.701

8340
94.0544

8360
82.4414

8380
75.7373

8400
74.8402

8420
110.5039

8440
59.6802

8460
80.1395

8480
91.6806

8500
83.8788

8520
71.1316

8540
87.6347

8560
86.2585

8580
73.855

8600
74.6813

8620
68.3341

8640
65.2889

8660
76.5238

8680
71.5946

8700
80.5422

8720
67.4522

8740
64.843

8760
78.3056

8780
72.7589

8800
69.9265

8820
88.6567

8840
76.7487

8860
73.4279

8880
87.7817

8900
85.8768

8920
74.4436

8940
78.1452

8960
70.8908

8980
86.8364

9000
66.6084

9020
86.6111

9040
84.2507

9060
97.0984

9080
81.3102

9100
87.9143

9120
67.9032

9140
80.3463

9160
114.8636

9180
90.9875

9200
72.364

9220
103.1765

9240
106.2683

9260
75.7545

9280
99.8831

9300
93.5076

9320
94.8668

9340
77.5869

9360
79.3824

9380
76.5763

9400
78.1302

9420
82.4312

9440
79.435

9460
68.9449

9480
77.7315

9500
87.9911

9520
85.0155

9540
77.2051

9560
82.9922

9580
65.7985

9600
81.4789

9620
67.3504

9640
93.7093

9660
82.9204

9680
83.9822

9700
69.2616

9720
86.0763

9740
92.1465

9760
81.4381

9780
88.8484

9800
76.2261

9820
68.6072

9840
92.7202

9860
72.0343

9880
86.3884

9900
98.0354

9920
78.035

9940
98.8202

9960
93.6646

9980
81.1321

10000
70.6372

10020
62.4108

10040
72.0801

10060
92.8837

10080
91.9594

10100
90.7644

10120
72.7071

10140
59.9808

10160
72.7516

10180
65.624

10200
74.8026

10220
80.593

10240
80.7522

10260
74.8608

10280
63.9563

10300
90.6375

10320
79.9156

10340
84.5209

10360
70.8674

10380
81.8353

10400
78.2178

10420
90.5652

10440
86.6785

10460
76.2658

10480
74.6208

10500
68.4756

10520
76.2262

10540
76.4813

