0
663.7939

20
507.2519

40
544.2024

60
516.9802

80
601.9873

100
631.1042

120
741.259

140
759.3826

160
726.3964

180
705.4957

200
677.9117

220
635.3848

240
565.8725

260
494.7973

280
454.0517

300
323.0933

320
280.3687

340
280.3333

360
221.9077

380
184.099

400
200.4644

420
163.6518

440
157.8702

460
151.41

480
155.0574

500
138.8331

520
134.141

540
122.9912

560
129.7881

580
130.0994

600
128.941

620
128.6654

640
139.0489

660
128.2154

680
111.4858

700
99.8202

720
118.9033

740
109.4777

760
114.3771

780
111.9989

800
91.4628

820
147.0591

840
106.4954

860
109.8193

880
107.4486

900
100.7705

920
113.6325

940
102.3917

960
88.6022

980
108.618

1000
93.0017

1020
98.8548

1040
110.8783

1060
105.9053

1080
103.6576

1100
117.2872

1120
103.8841

1140
95.3609

1160
89.7337

1180
102.4035

1200
97.3681

1220
91.1063

1240
79.4718

1260
103.1622

1280
125.7129

1300
127.2917

1320
98.6502

1340
88.8895

1360
103.4871

1380
101.0286

1400
82.5481

1420
95.3993

1440
83.6251

1460
78.8632

1480
106.2813

1500
96.7817

1520
115.7309

1540
92.7551

1560
116.408

1580
90.8686

1600
107.9044

1620
114.7337

1640
111.9012

1660
94.7896

1680
118.6388

1700
86.644

1720
93.6992

1740
81.7021

1760
106.0038

1780
88.7815

1800
123.4146

1820
103.7499

1840
94.1273

1860
112.9386

1880
78.1734

1900
109.7839

1920
107.1176

1940
90.6393

1960
77.0154

1980
97.0718

2000
79.3998

2020
86.633

2040
100.8437

2060
98.8984

2080
113.0988

2100
77.236

2120
110.9339

2140
89.4262

2160
85.3802

2180
87.7719

2200
104.972

2220
99.4765

2240
83.5104

2260
87.7254

2280
104.2074

2300
85.0093

2320
110.9711

2340
95.0539

2360
83.6571

2380
86.7671

2400
98.5088

2420
97.0315

2440
96.8152

2460
74.4689

2480
99.6229

2500
83.3118

2520
103.6944

2540
88.0077

2560
95.2271

2580
90.7277

2600
98.2594

2620
88.2528

2640
89.331

2660
91.0615

2680
71.9874

2700
80.948

2720
97.8875

2740
96.5977

2760
107.2707

2780
86.2034

2800
77.3706

2820
112.9012

2840
78.4216

2860
90.3046

2880
83.2492

2900
103.9583

2920
118.2462

2940
92.0279

2960
104.8936

2980
96.1593

3000
90.9102

3020
118.5835

3040
97.9982

3060
90.4837

3080
81.6183

3100
86.4896

3120
109.6678

3140
88.1429

3160
101.1391

3180
86.9005

3200
98.8161

3220
84.5108

3240
89.3117

3260
88.3976

3280
96.2124

3300
86.232

3320
106.21

3340
81.5848

3360
111.6538

3380
109.5304

3400
88.2239

3420
70.2857

3440
83.9875

3460
78.1073

3480
92.7767

3500
99.268

