31660
78.6308

31680
65.8757

31700
76.2242

31720
74.5502

31740
64.0814

31760
93.4093

31780
64.4197

31800
59.6264

31820
78.1973

31840
66.4498

31860
62.9111

31880
65.5162

31900
71.915

31920
64.4044

31940
70.3169

31960
79.0387

31980
60.7746

32000
75.5539

32020
73.2437

32040
80.7075

32060
78.1969

32080
76.5147

32100
55.5547

32120
63.4349

32140
65.175

32160
78.9774

32180
55.9636

32200
89.0545

32220
51.3584

32240
64.8594

32260
91.192

32280
72.0433

32300
67.5553

32320
89.9353

32340
89.2402

32360
63.7931

32380
66.6218

32400
59.6049

32420
67.2039

32440
57.9289

32460
85.4099

32480
54.4022

32500
87.4222

32520
85.0933

32540
71.4393

32560
79.2928

32580
72.7316

32600
60.6074

32620
62.5024

32640
65.9395

32660
76.4494

32680
80.7356

32700
73.4967

32720
59.6052

32740
82.4749

32760
81.3113

32780
73.9842

32800
93.556

32820
95.27

32840
56.7363

32860
72.4628

32880
85.3202

32900
80.9903

32920
85.2979

32940
62.2163

32960
88.548

32980
77.4185

33000
81.7118

33020
66.5873

33040
74.5999

33060
76.9146

33080
60.1954

33100
70.1587

33120
100.4933

33140
71.3976

33160
70.8849

33180
102.7519

33200
94.5812

33220
73.8876

33240
71.4609

33260
76.3345

33280
82.9851

33300
78.488

33320
81.3137

33340
83.5223

33360
88.5849

33380
70.8042

33400
51.5442

33420
72.7727

33440
75.8512

33460
60.8886

33480
78.7633

33500
60.639

33520
65.5865

33540
52.031

33560
73.8871

33580
74.1186

33600
65.1537

33620
88.0351

33640
63.5205

33660
64.4261

33680
83.6733

33700
74.5755

33720
94.8804

33740
63.2434

33760
61.8751

33780
104.2502

33800
93.4026

33820
61.1975

33840
63.0344

33860
66.6824

33880
66.4188

33900
67.6331

33920
57.44

33940
80.545

33960
79.4013

33980
90.4298

34000
68.7415

34020
85.2432

34040
67.7036

34060
50.55

34080
80.7164

34100
63.5954

34120
71.9379

34140
84.7323

34160
56.3895

34180
58.8572

34200
65.7903

34220
98.0541

34240
71.5713

34260
68.3802

34280
76.5853

34300
75.7966

34320
69.4416

34340
71.2863

34360
70.2661

34380
68.7579

34400
70.7867

34420
78.6364

34440
69.5968

34460
75.1218

34480
73.0313

34500
62.209

34520
62.543

34540
48.4868

34560
73.508

34580
63.8801

34600
88.6341

34620
88.794

34640
82.1496

34660
66.1647

34680
61.0142

34700
73.9162

34720
69.2708

34740
62.8678

34760
80.1468

34780
72.1731

34800
50.6953

34820
56.7424

34840
72.6797

34860
60.3502

34880
68.4963

34900
79.2395

34920
76.9113

34940
72.6375

34960
71.7528

34980
81.035

35000
73.0603

35020
68.6739

35040
68.7509

35060
72.7156

35080
54.7287

35100
79.2449

35120
64.2793

35140
65.0951

