gen   disc_whole   disc_mask   l1_loss   ssim_loss   percep

7060
60.9638    0.1507    0    0.1047    0.1402    0.5664

7080
61.2178    0.0669    0    0.0749    0.0889    0.4256

7100
60.583    0.0947    0    0.0916    0.1126    0.4546

7120
58.7049    0.1329    0    0.1382    0.0964    0.444

7140
59.6342    0.1025    0    0.0696    0.1306    0.5003

7160
61.7852    0.0774    0    0.0601    0.0948    0.4038

7180
60.2458    0.0751    0    0.0791    0.1475    0.5354

7200
61.3272    0.0903    0    0.09    0.1187    0.5706

7220
60.0445    0.0803    0    0.0598    0.1146    0.47

7240
58.5277    0.0623    0    0.1234    0.1546    0.4644

7260
57.7545    0.118    0    0.0925    0.1159    0.5107

7280
57.0536    0.0687    0    0.2196    0.1668    0.514

7300
57.9147    0.1226    0    0.133    0.1399    0.541

7320
59.3642    0.0908    0    0.0701    0.0973    0.458

7340
58.2189    0.0898    0    0.0644    0.0991    0.4207

7360
59.548    0.0688    0    0.1053    0.1313    0.438

7380
60.969    0.0948    0    0.0753    0.0912    0.4525

7400
58.3869    0.0757    0    0.079    0.1338    0.4754

7420
59.0283    0.045    0    0.0727    0.0839    0.4811

7440
59.6616    0.062    0    0.0657    0.0964    0.4542

7460
58.9238    0.094    0    0.0942    0.1602    0.5453

7480
57.7289    0.0622    0    0.087    0.0923    0.4858

7500
58.0606    0.0556    0    0.1045    0.1075    0.5421

7520
57.0144    0.0382    0    0.1128    0.0933    0.4296

7540
57.1553    0.0601    0    0.1146    0.1234    0.5393

7560
60.175    0.0524    0    0.0993    0.0908    0.4715

7580
60.4338    0.0423    0    0.0793    0.1134    0.4616

7600
59.9112    0.0481    0    0.0595    0.0769    0.417

7620
60.1427    0.0522    0    0.065    0.0918    0.4523

7640
62.2684    0.0491    0    0.1156    0.1779    0.5209

7660
58.1146    0.0471    0    0.0827    0.1364    0.5041

7680
57.4696    0.0478    0    0.0587    0.1204    0.4442

7700
57.6045    0.0685    0    0.1288    0.1181    0.4959

7720
58.8387    0.0895    0    0.1176    0.2055    0.4374

7740
58.9632    0.065    0    0.0877    0.0975    0.4571

7760
59.8417    0.0627    0    0.1353    0.1643    0.6269

7780
54.9931    0.083    0    0.0617    0.1028    0.428

7800
62.1481    0.0483    0    0.0755    0.1279    0.4771

7820
56.9025    0.0565    0    0.0477    0.0664    0.3916

7840
57.27    0.0386    0    0.0871    0.111    0.5327

7860
58.5352    0.0505    0    0.0573    0.0892    0.4331

7880
58.5026    0.0368    0    0.1364    0.3118    0.477

7900
64.2968    0.0754    0    0.0848    0.1164    0.4657

7920
57.8778    0.0512    0    0.0863    0.1234    0.5177

7940
56.0064    0.0695    0    0.0956    0.2623    0.4697

7960
56.5073    0.0639    0    0.1515    0.1942    0.4669

7980
58.8104    0.0497    0    0.0669    0.0914    0.4772

8000
57.622    0.0711    0    0.0882    0.11    0.4011

8020
58.3238    0.0789    0    0.1285    0.1958    0.5038

8040
56.7945    0.0603    0    0.0874    0.0813    0.4304

8060
60.1628    0.1022    0    0.0874    0.1127    0.5586

8080
60.2307    0.0618    0    0.0764    0.1258    0.5344

8100
58.1272    0.0643    0    0.1296    0.1331    0.5439

8120
59.7955    0.0489    0    0.05    0.0873    0.4139

8140
57.6069    0.0825    0    0.0591    0.0852    0.4482

8160
60.4657    0.0713    0    0.0814    0.0982    0.5102

8180
57.3919    0.0909    0    0.0613    0.0835    0.4199

8200
57.7065    0.0348    0    0.1073    0.1321    0.5191

8220
58.3885    0.0478    0    0.0988    0.0907    0.4304

8240
58.6469    0.0657    0    0.0542    0.0764    0.4079

8260
57.9569    0.0521    0    0.0593    0.1084    0.4578

8280
58.5585    0.0499    0    0.055    0.1112    0.4645

8300
56.6436    0.0453    0    0.1419    0.1235    0.4652

8320
57.3736    0.0535    0    0.0504    0.0863    0.4574

8340
56.3535    0.0676    0    0.0516    0.0732    0.439

8360
56.8505    0.0428    0    0.0865    0.1615    0.4505

8380
59.7437    0.0321    0    0.0954    0.184    0.5039

8400
59.868    0.0502    0    0.0833    0.1009    0.5134

8420
57.2327    0.0474    0    0.0719    0.1373    0.443

8440
57.625    0.0578    0    0.0619    0.111    0.4349

8460
58.4281    0.0482    0    0.075    0.0714    0.3937

8480
57.6009    0.0631    0    0.1365    0.1479    0.574

8500
56.7961    0.0339    0    0.0954    0.1147    0.452

8520
57.1587    0.0411    0    0.0865    0.1312    0.4783

8540
58.0454    0.0352    0    0.0903    0.1086    0.4952

8560
59.9031    0.0725    0    0.0771    0.0819    0.4465

8580
58.7734    0.0495    0    0.0904    0.1521    0.4579

8600
54.9876    0.0464    0    0.0809    0.1333    0.4919

8620
54.608    0.0574    0    0.0599    0.0799    0.4726

8640
57.0179    0.0632    0    0.0953    0.1262    0.5725

8660
57.9979    0.0639    0    0.0595    0.0799    0.3977

8680
56.8527    0.0971    0    0.0586    0.1226    0.4665

8700
57.8611    0.0553    0    0.0689    0.106    0.4339

8720
54.8428    0.0659    0    0.0727    0.1078    0.5395

8740
56.5309    0.0804    0    0.1047    0.1816    0.4847

8760
58.0268    0.0484    0    0.0785    0.0904    0.4788

8780
57.9976    0.023    0    0.0991    0.1454    0.5549

8800
57.0746    0.0659    0    0.1182    0.115    0.4849

8820
57.1493    0.0601    0    0.0649    0.1129    0.3954

8840
53.8339    0.0617    0    0.0775    0.1417    0.4165

8860
58.0862    0.0298    0    0.0735    0.093    0.4479

8880
58.1236    0.0492    0    0.0837    0.1132    0.4913

8900
58.9612    0.0324    0    0.0999    0.0767    0.4169

8920
54.7027    0.0613    0    0.0733    0.1398    0.457

8940
55.7563    0.0786    0    0.0642    0.0937    0.4471

8960
56.8198    0.0656    0    0.1193    0.171    0.4157

8980
58.1202    0.0425    0    0.1214    0.1583    0.4659

9000
55.4645    0.0646    0    0.0522    0.083    0.3677

9020
57.2518    0.1118    0    0.0562    0.08    0.4098

9040
55.7356    0.0699    0    0.061    0.0932    0.4497

9060
59.8693    0.0785    0    0.091    0.0919    0.4797

9080
55.6273    0.0653    0    0.0719    0.0739    0.3932

9100
59.2887    0.0803    0    0.0612    0.0961    0.5149

9120
57.1327    0.0467    0    0.0545    0.0757    0.4461

9140
58.7199    0.0591    0    0.0838    0.0868    0.4983

9160
57.1286    0.058    0    0.0754    0.1516    0.4891

9180
57.4027    0.0598    0    0.0661    0.1048    0.465

9200
57.5023    0.0553    0    0.085    0.0969    0.4746

9220
54.2986    0.057    0    0.0919    0.1005    0.442

9240
56.1126    0.0613    0    0.0692    0.1068    0.4716

9260
56.3526    0.0748    0    0.0878    0.1005    0.5098

9280
56.7476    0.0794    0    0.0819    0.0952    0.4502

9300
59.3142    0.0768    0    0.0909    0.1253    0.4198

9320
58.3835    0.0726    0    0.121    0.2022    0.4881

9340
56.9341    0.0923    0    0.0569    0.0908    0.4658

9360
58.5767    0.0732    0    0.0648    0.096    0.4849

9380
56.6893    0.0918    0    0.0618    0.142    0.4228

9400
56.2148    0.0647    0    0.052    0.0771    0.4545

9420
56.5738    0.0563    0    0.0679    0.0891    0.4512

9440
56.3216    0.0601    0    0.0546    0.0892    0.3678

9460
55.405    0.0672    0    0.0712    0.0855    0.4212

9480
54.1598    0.0448    0    0.0826    0.0956    0.507

9500
58.5734    0.0706    0    0.0807    0.1319    0.4059

9520
56.3522    0.0751    0    0.0566    0.1067    0.4892

9540
58.4432    0.0562    0    0.0997    0.1427    0.5594

9560
56.2557    0.0976    0    0.1103    0.2178    0.456

9580
54.006    0.1175    0    0.0873    0.205    0.5165

9600
54.9421    0.0711    0    0.1298    0.1636    0.5935

9620
56.8847    0.0547    0    0.0745    0.102    0.5011

9640
56.5789    0.1158    0    0.0485    0.0641    0.3747

9660
56.1164    0.1247    0    0.1157    0.1812    0.5183

9680
56.9672    0.0934    0    0.0723    0.097    0.4491

9700
55.3294    0.0617    0    0.0568    0.0709    0.411

9720
56.2244    0.1151    0    0.0793    0.145    0.5855

9740
57.0299    0.0602    0    0.0532    0.0842    0.441

9760
57.3431    0.068    0    0.0813    0.0746    0.4455

9780
57.5602    0.1084    0    0.0624    0.111    0.4752

9800
59.0298    0.0479    0    0.1176    0.1392    0.4927

9820
55.6306    0.0569    0    0.0546    0.0926    0.4031

9840
58.4961    0.0478    0    0.0982    0.1835    0.4899

9860
57.0226    0.0648    0    0.1354    0.2419    0.5439

9880
54.8348    0.0814    0    0.084    0.1092    0.4953

9900
57.7435    0.0574    0    0.0757    0.1102    0.5238

9920
54.1096    0.0559    0    0.0735    0.1023    0.503

9940
59.2987    0.0724    0    0.088    0.0927    0.5114

9960
58.4556    0.0948    0    0.0623    0.0967    0.5107

9980
56.8107    0.0767    0    0.0819    0.0936    0.4859

10000
57.9263    0.071    0    0.0713    0.0919    0.4407

10020
55.4964    0.0929    0    0.1177    0.1136    0.505

10040
57.1157    0.0458    0    0.0913    0.1401    0.5735

10060
55.9158    0.0592    0    0.0783    0.1085    0.4781

10080
58.3443    0.0488    0    0.0668    0.0985    0.4969

10100
55.1315    0.0554    0    0.0749    0.0787    0.4061

10120
55.6557    0.058    0    0.0519    0.0722    0.412

10140
55.3082    0.0648    0    0.0785    0.1262    0.4465

10160
56.7126    0.0701    0    0.1265    0.17    0.4527

10180
57.4975    0.0462    0    0.0942    0.1215    0.4912

10200
57.0173    0.1041    0    0.081    0.1084    0.4396

10220
57.0701    0.069    0    0.0848    0.0963    0.4816

10240
53.5549    0.0875    0    0.0684    0.0988    0.4268

10260
56.9667    0.0632    0    0.051    0.0866    0.384

10280
53.1546    0.0712    0    0.0459    0.0722    0.3965

10300
58.4839    0.0461    0    0.0749    0.1137    0.4607

10320
58.9147    0.0704    0    0.0626    0.1126    0.4496

10340
54.0362    0.0995    0    0.1012    0.0889    0.4997

10360
55.4435    0.087    0    0.0892    0.1837    0.4621

10380
57.8448    0.1166    0    0.0675    0.0963    0.4853

10400
53.4423    0.1029    0    0.0639    0.1157    0.4522

10420
59.0436    0.0647    0    0.072    0.0867    0.4743

10440
54.8196    0.0772    0    0.0668    0.0825    0.4379

10460
55.8904    0.0431    0    0.0566    0.0763    0.4325

10480
54.6494    0.0327    0    0.0747    0.1006    0.5144

10500
54.8233    0.0537    0    0.0728    0.2012    0.3894

10520
58.3376    0.0576    0    0.086    0.0831    0.4538

10540
56.1032    0.0271    0    0.1076    0.0933    0.5271

