gen   disc_whole   disc_mask   l1_loss   ssim_loss   percep

21120
54.2734    0.0844    0.4862    0.114    0.1368    0.5106

21140
51.4923    0.0654    0.4859    0.0506    0.0782    0.4195

21160
50.593    0.0459    0.4857    0.0594    0.082    0.4135

21180
52.9621    0.0458    0.4858    0.0563    0.0752    0.4347

21200
52.2656    0.0611    0.4855    0.0667    0.1624    0.3909

21220
50.3596    0.0482    0.4858    0.0665    0.0893    0.4183

21240
52.7074    0.0306    0.4854    0.0656    0.1219    0.4208

21260
52.7437    0.0304    0.4861    0.0517    0.1364    0.4315

21280
53.6121    0.0222    0.4853    0.0475    0.0988    0.4946

21300
54.1677    0.0284    0.4855    0.0602    0.0855    0.4246

21320
52.0611    0.0282    0.4854    0.0399    0.0935    0.4383

21340
51.9175    0.0445    0.4853    0.0605    0.0782    0.4275

21360
53.8879    0.0287    0.4854    0.0421    0.081    0.4042

21380
53.9193    0.0537    0.4852    0.0351    0.0827    0.4498

21400
52.8836    0.0416    0.4857    0.0457    0.1088    0.4772

21420
54.5399    0.0363    0.4853    0.0427    0.0861    0.4209

21440
53.159    0.0796    0.4856    0.0585    0.0708    0.3944

21460
53.1603    0.0698    0.485    0.0447    0.0932    0.4195

21480
50.6641    0.0374    0.4856    0.0736    0.13    0.5459

21500
53.8091    0.0486    0.4855    0.0647    0.0963    0.5383

21520
53.142    0.0254    0.4855    0.0535    0.0944    0.4763

21540
53.2153    0.0348    0.4855    0.0792    0.1113    0.4548

21560
53.1294    0.0572    0.4852    0.0606    0.0753    0.3616

21580
52.9941    0.0739    0.4851    0.1085    0.1248    0.5557

21600
54.0728    0.0295    0.4853    0.0452    0.0668    0.3816

21620
48.8072    0.0373    0.4856    0.0631    0.1301    0.4039

21640
51.8901    0.0931    0.4854    0.0365    0.0739    0.4289

21660
53.4687    0.0808    0.4854    0.0641    0.0995    0.4056

21680
52.7549    0.0305    0.4854    0.0898    0.0838    0.4608

21700
53.1744    0.0356    0.4854    0.0505    0.0965    0.4342

21720
52.3647    0.1071    0.4857    0.0457    0.0596    0.3548

21740
52.631    0.1119    0.4855    0.0458    0.0821    0.4307

21760
53.5057    0.1171    0.4853    0.0954    0.1468    0.4586

21780
52.7081    0.0495    0.4849    0.0838    0.1179    0.5532

21800
52.6437    0.0534    0.4853    0.0444    0.0777    0.4186

21820
51.8177    0.1014    0.4852    0.0707    0.1303    0.4836

21840
50.6289    0.0559    0.4852    0.0581    0.1095    0.4463

21860
51.6026    0.0805    0.4854    0.0472    0.0971    0.4421

21880
50.5372    0.0615    0.4854    0.0461    0.0861    0.4007

21900
50.9274    0.1023    0.4853    0.0424    0.063    0.3347

21920
50.8271    0.0563    0.4852    0.0309    0.0531    0.3256

21940
52.1612    0.0627    0.4856    0.0589    0.1146    0.5281

21960
54.2601    0.0176    0.4855    0.1154    0.1261    0.4614

21980
52.6521    0.082    0.4855    0.0506    0.1027    0.4298

22000
51.6574    0.0997    0.4854    0.0451    0.0618    0.3834

22020
53.3253    0.0607    0.4855    0.0467    0.0846    0.4507

22040
52.919    0.1142    0.4856    0.0674    0.0973    0.5007

22060
51.85    0.0639    0.4854    0.0668    0.1409    0.4495

22080
52.3501    0.06    0.4853    0.0607    0.1053    0.4128

22100
51.537    0.0296    0.4854    0.0668    0.0994    0.4374

22120
51.1738    0.058    0.4852    0.0405    0.0671    0.3904

22140
51.9503    0.0389    0.4852    0.0336    0.074    0.3912

22160
50.2564    0.036    0.4853    0.0557    0.0634    0.3407

22180
50.9246    0.0487    0.4853    0.0466    0.0765    0.4194

22200
52.646    0.0642    0.4854    0.0552    0.0885    0.4854

22220
50.2188    0.0179    0.485    0.073    0.1368    0.4564

22240
52.2098    0.0185    0.4854    0.0515    0.1099    0.4615

22260
53.9896    0.0407    0.4854    0.0685    0.1209    0.5716

22280
52.8526    0.0155    0.485    0.0562    0.0742    0.4154

22300
53.2031    0.0228    0.4848    0.0447    0.0869    0.3805

22320
51.3822    0.0455    0.4849    0.0529    0.1256    0.416

22340
51.4172    0.0254    0.4854    0.0441    0.0975    0.4001

22360
51.4491    0.0392    0.485    0.0357    0.0635    0.3814

22380
51.3805    0.0563    0.4849    0.0544    0.1062    0.4793

22400
52.8452    0.0243    0.4853    0.0686    0.0723    0.3614

22420
52.6327    0.0442    0.4851    0.0471    0.0871    0.4253

22440
51.1934    0.0559    0.4849    0.0335    0.0603    0.3583

22460
51.6854    0.0319    0.485    0.0504    0.0903    0.3811

22480
51.8051    0.0385    0.4848    0.0859    0.0871    0.4167

22500
51.2853    0.0575    0.4849    0.033    0.0863    0.4256

22520
51.9983    0.0309    0.4847    0.0511    0.088    0.4049

22540
51.3066    0.0395    0.4846    0.0606    0.0825    0.385

22560
53.209    0.0233    0.4845    0.0488    0.0983    0.4665

22580
51.8662    0.0323    0.4852    0.0535    0.1115    0.4933

22600
50.0993    0.045    0.485    0.0462    0.1078    0.3702

22620
51.3263    0.0597    0.4846    0.0484    0.0835    0.4485

22640
53.0243    0.1007    0.4847    0.0489    0.0852    0.3663

22660
51.7038    0.0462    0.4843    0.0557    0.1024    0.4343

22680
52.1256    0.0211    0.484    0.053    0.0993    0.4634

22700
53.8568    0.1012    0.4842    0.0691    0.1003    0.4984

22720
53.4677    0.0616    0.4841    0.0476    0.0786    0.4422

22740
51.0493    0.1068    0.4841    0.0492    0.0904    0.4372

22760
51.4367    0.0721    0.4839    0.0422    0.0761    0.3722

22780
52.3152    0.1068    0.4836    0.0301    0.0702    0.3698

22800
49.825    0.0547    0.4842    0.0641    0.1033    0.5053

22820
52.165    0.0684    0.4834    0.0494    0.1219    0.4279

22840
52.1659    0.0415    0.4838    0.0599    0.0785    0.4273

22860
51.836    0.0578    0.4831    0.0386    0.1013    0.3856

22880
54.1634    0.0249    0.4824    0.0435    0.104    0.4033

22900
51.3446    0.0662    0.4821    0.051    0.0807    0.4237

22920
52.7656    0.0441    0.4822    0.0623    0.0646    0.3618

22940
51.1863    0.0496    0.4814    0.0625    0.0784    0.4561

22960
52.6516    0.0455    0.4808    0.0366    0.1153    0.4006

22980
53.1411    0.0323    0.4795    0.0615    0.0892    0.4229

23000
51.3737    0.0352    0.4796    0.0862    0.1087    0.3862

23020
51.7925    0.0204    0.4767    0.1328    0.1913    0.5686

23040
53.0905    0.0394    0.4769    0.0656    0.0913    0.4755

23060
52.2613    0.022    0.4769    0.0807    0.1274    0.4668

23080
53.768    0.0168    0.4747    0.0537    0.0905    0.4213

23100
52.8011    0.015    0.4717    0.0861    0.0708    0.388

23120
52.8952    0.0528    0.4693    0.0595    0.0933    0.5007

23140
50.4562    0.0584    0.4664    0.0568    0.1173    0.4299

23160
51.8384    0.0538    0.4627    0.0622    0.1265    0.4422

23180
52.9518    0.0525    0.4556    0.0485    0.0871    0.3968

23200
49.9407    0.0467    0.4549    0.0409    0.0631    0.3339

23220
52.7034    0.0865    0.4491    0.0588    0.1104    0.5137

23240
53.1493    0.1507    0.4392    0.0421    0.0876    0.4164

23260
52.1028    0.0701    0.4355    0.0496    0.0747    0.423

23280
51.5541    0.1165    0.4267    0.0773    0.1564    0.4889

23300
50.0765    0.0912    0.4165    0.0356    0.0672    0.3565

23320
52.6803    0.0886    0.4068    0.0575    0.0952    0.4477

23340
52.7769    0.054    0.4153    0.0557    0.1091    0.5437

23360
49.3641    0.0327    0.3804    0.0371    0.0793    0.4212

23380
50.6069    0.0752    0.3726    0.0373    0.0768    0.3868

23400
52.973    0.1071    0.365    0.0504    0.0857    0.4392

23420
51.8084    0.0455    0.3692    0.0886    0.1082    0.4937

23440
52.592    0.1047    0.3353    0.0498    0.0914    0.4346

23460
51.7287    0.086    0.338    0.0562    0.1199    0.4007

23480
50.0701    0.042    0.3225    0.0464    0.0924    0.4064

23500
51.8774    0.0693    0.317    0.0413    0.0754    0.433

23520
53.025    0.0608    0.3057    0.0612    0.0955    0.4405

23540
53.0123    0.0432    0.2998    0.0748    0.0947    0.4845

23560
50.6577    0.0536    0.3052    0.0536    0.0884    0.4489

23580
53.084    0.0455    0.2784    0.0596    0.1019    0.4602

23600
53.1699    0.0446    0.2687    0.0482    0.1001    0.4376

23620
50.0949    0.0339    0.276    0.0451    0.0818    0.3847

23640
50.1291    0.0305    0.2614    0.0445    0.07    0.3775

23660
50.5904    0.0226    0.2567    0.0351    0.0613    0.3656

23680
52.945    0.0433    0.2502    0.0592    0.0914    0.4346

23700
52.4707    0.0315    0.2419    0.0779    0.111    0.5452

23720
51.7779    0.0367    0.2232    0.0504    0.1088    0.4274

23740
50.1954    0.0157    0.2212    0.0465    0.0877    0.4437

23760
51.9299    0.0142    0.2238    0.0495    0.1361    0.4033

23780
51.2025    0.0423    0.2036    0.0446    0.1167    0.4084

23800
50.1818    0.0135    0.2237    0.0465    0.0733    0.377

23820
50.0826    0.0278    0.215    0.0501    0.1055    0.4497

23840
51.7451    0.0233    0.1899    0.0625    0.1556    0.4558

23860
51.8985    0.0206    0.2029    0.0554    0.0936    0.4488

23880
52.4712    0.0211    0.1905    0.038    0.0663    0.3839

23900
50.9829    0.026    0.1703    0.0666    0.1183    0.4004

23920
52.1244    0.0375    0.1882    0.0471    0.0896    0.4223

23940
52.9352    0.0301    0.1646    0.049    0.1085    0.479

23960
54.5397    0.0437    0.1569    0.0477    0.0816    0.3564

23980
52.7272    0.0157    0.1465    0.0519    0.0811    0.4471

24000
48.8166    0.014    0.1456    0.0507    0.1053    0.4251

24020
48.178    0.0203    0.1508    0.0366    0.0776    0.3653

24040
49.6755    0.0575    0.1418    0.0589    0.1017    0.4214

24060
51.5176    0.0573    0.13    0.0388    0.0678    0.3588

24080
50.5098    0.0496    0.1317    0.0998    0.0921    0.4472

24100
50.3845    0.0597    0.1321    0.0385    0.068    0.3243

24120
49.3912    0.0464    0.1403    0.0447    0.0808    0.4087

24140
49.1373    0.0534    0.1125    0.0386    0.0763    0.4204

24160
50.142    0.0625    0.1074    0.0487    0.0912    0.4581

24180
50.2525    0.0282    0.1141    0.0634    0.1786    0.4512

24200
49.4441    0.048    0.101    0.056    0.0939    0.4203

24220
48.7771    0.0249    0.1074    0.0479    0.099    0.4636

24240
48.082    0.0551    0.0928    0.0866    0.1263    0.5333

24260
51.8938    0.0343    0.092    0.039    0.065    0.368

24280
48.7595    0.0574    0.0957    0.0326    0.0558    0.3411

24300
50.4091    0.0237    0.0826    0.0399    0.0759    0.3968

24320
51.9517    0.03    0.1148    0.0771    0.1532    0.5151

24340
49.5475    0.0321    0.0877    0.0698    0.0634    0.4035

24360
50.0759    0.024    0.0937    0.0407    0.0735    0.373

24380
49.5224    0.0368    0.0787    0.0508    0.1073    0.3762

24400
50.917    0.0208    0.0727    0.0483    0.0825    0.3724

24420
48.2992    0.039    0.0748    0.0461    0.0718    0.4317

24440
52.6626    0.0269    0.0801    0.0532    0.0789    0.4799

24460
51.5162    0.026    0.0733    0.0594    0.081    0.4261

24480
53.1667    0.0139    0.0737    0.0489    0.0732    0.4069

24500
51.8641    0.0929    0.0797    0.064    0.0826    0.4315

24520
53.2981    0.0559    0.065    0.0585    0.0866    0.4249

24540
52.1564    0.0478    0.0705    0.0539    0.0745    0.4075

24560
48.9245    0.0387    0.063    0.0471    0.0678    0.3644

24580
50.1949    0.0277    0.0714    0.0539    0.0887    0.423

24600
51.9419    0.0819    0.063    0.0619    0.0946    0.4837

