gen   disc_whole   disc_mask   l1_loss   ssim_loss   percep

28160
50.8231    0.0528    0.0113    0.0393    0.0707    0.373

28180
52.0488    0.0709    0.0108    0.0534    0.124    0.4119

28200
52.2705    0.0557    0.0097    0.0474    0.0724    0.4059

28220
51.4079    0.0781    0.0111    0.0517    0.085    0.4175

28240
51.0073    0.133    0.0089    0.0404    0.1185    0.4332

28260
50.4693    0.1598    0.009    0.0688    0.0763    0.4161

28280
51.8507    0.0627    0.0086    0.0519    0.0957    0.4644

28300
51.3169    0.101    0.0197    0.0515    0.0793    0.4416

28320
49.4523    0.0547    0.0111    0.0349    0.0703    0.3804

28340
48.4388    0.0644    0.0111    0.041    0.0654    0.4032

28360
49.101    0.0313    0.0112    0.0558    0.0995    0.4141

28380
48.4041    0.0858    0.0105    0.046    0.0994    0.4049

28400
49.2928    0.0883    0.0099    0.0494    0.0963    0.4227

28420
50.4126    0.0503    0.009    0.0334    0.078    0.4252

28440
49.6884    0.077    0.0085    0.0448    0.0736    0.4264

28460
52.979    0.0363    0.0084    0.0532    0.1183    0.4062

28480
49.2531    0.068    0.0079    0.055    0.0668    0.3856

28500
51.2167    0.055    0.0078    0.0441    0.0991    0.424

28520
51.8044    0.0609    0.0089    0.0442    0.0785    0.4012

28540
52.88    0.0835    0.0081    0.0393    0.0656    0.3698

28560
48.0525    0.1514    0.0076    0.0412    0.0705    0.3452

28580
50.5534    0.0715    0.0108    0.0597    0.0883    0.4298

28600
49.9159    0.04    0.0088    0.0511    0.0897    0.4205

28620
48.5977    0.1226    0.0084    0.0509    0.113    0.4233

28640
49.4077    0.063    0.0089    0.039    0.0542    0.3358

28660
49.3938    0.0862    0.0089    0.0455    0.0905    0.399

28680
49.255    0.0935    0.0076    0.0335    0.0637    0.3605

28700
49.5464    0.0359    0.0082    0.0463    0.101    0.3994

28720
50.5035    0.0536    0.008    0.057    0.0891    0.4679

28740
50.9537    0.0307    0.0076    0.0643    0.0808    0.4205

28760
47.0706    0.0506    0.0092    0.0447    0.0815    0.3777

28780
51.3692    0.0384    0.0101    0.0618    0.072    0.3832

28800
51.543    0.0296    0.0088    0.0485    0.0836    0.4003

28820
49.8477    0.058    0.0073    0.0522    0.0985    0.4744

28840
49.5146    0.0667    0.0074    0.0441    0.0834    0.416

28860
50.476    0.0478    0.007    0.0415    0.0823    0.4063

28880
50.2868    0.0218    0.0068    0.0504    0.1024    0.4349

28900
50.4072    0.0195    0.0067    0.0547    0.0885    0.4589

28920
48.2679    0.0771    0.0074    0.0621    0.0901    0.3887

28940
48.3711    0.047    0.0084    0.054    0.0985    0.3578

28960
50.0268    0.0317    0.0108    0.0454    0.0948    0.4242

28980
51.6955    0.0295    0.0092    0.0618    0.095    0.4248

29000
51.355    0.0194    0.008    0.0457    0.0799    0.3941

29020
49.4472    0.0906    0.0072    0.0431    0.0759    0.4196

29040
51.8158    0.0293    0.0075    0.06    0.1139    0.494

29060
53.3036    0.0318    0.007    0.0799    0.1214    0.4596

29080
49.8146    0.0297    0.0072    0.0566    0.1047    0.4744

29100
52.0179    0.0129    0.0071    0.047    0.0782    0.4415

29120
48.8662    0.0412    0.0071    0.035    0.077    0.3916

29140
48.5812    0.035    0.0078    0.077    0.2247    0.4616

29160
51.7608    0.0167    0.009    0.0485    0.0921    0.4673

29180
50.2656    0.033    0.0068    0.0567    0.1214    0.4708

29200
49.0064    0.0328    0.0063    0.0381    0.0736    0.3981

29220
51.1497    0.0118    0.0066    0.0431    0.095    0.4572

29240
50.0    0.0162    0.0083    0.0483    0.081    0.4314

29260
51.6699    0.0138    0.0067    0.0604    0.188    0.4417

29280
52.2786    0.0239    0.0061    0.0565    0.0893    0.454

29300
52.5821    0.0144    0.0066    0.0848    0.0852    0.4351

29320
49.4123    0.0109    0.0063    0.0756    0.0797    0.437

29340
49.3936    0.0239    0.0067    0.044    0.0656    0.3903

29360
52.135    0.0195    0.0072    0.0438    0.1045    0.471

29380
48.9182    0.0251    0.0066    0.06    0.0745    0.3804

29400
50.2134    0.0175    0.0058    0.0472    0.0841    0.4386

29420
49.1105    0.0088    0.0061    0.0568    0.0634    0.3446

29440
50.9792    0.0207    0.0059    0.0526    0.0742    0.3958

29460
49.7778    0.0149    0.0069    0.0455    0.0986    0.4181

29480
49.0808    0.0235    0.0081    0.0374    0.0607    0.3877

29500
53.3538    0.0138    0.0064    0.0474    0.1006    0.4602

29520
50.1642    0.0553    0.0062    0.0535    0.0829    0.424

29540
51.1796    0.0373    0.0067    0.0737    0.1432    0.4565

29560
51.0127    0.034    0.0068    0.0435    0.0853    0.4036

29580
50.6735    0.0359    0.0058    0.0395    0.0848    0.406

29600
48.9345    0.0363    0.0065    0.0527    0.0748    0.4551

29620
50.0475    0.0306    0.0057    0.0582    0.0964    0.4134

29640
49.5655    0.1073    0.0055    0.0399    0.0721    0.4044

29660
49.3805    0.04    0.0054    0.041    0.0663    0.3759

29680
50.1866    0.111    0.0054    0.0445    0.0806    0.3746

29700
49.4087    0.0307    0.0067    0.0631    0.1322    0.5113

29720
51.6781    0.0186    0.0053    0.0601    0.1148    0.4253

29740
51.9669    0.0819    0.0057    0.0514    0.1031    0.4942

29760
50.5293    0.0419    0.0073    0.0589    0.0892    0.3976

29780
50.3586    0.0276    0.0066    0.0743    0.0997    0.4431

29800
49.5625    0.0581    0.0062    0.0592    0.0971    0.4704

29820
50.5904    0.0183    0.0062    0.0505    0.0711    0.3603

29840
53.2602    0.0327    0.0057    0.0631    0.1429    0.4147

29860
50.5357    0.0118    0.0055    0.0443    0.0863    0.4704

29880
49.2701    0.0133    0.0054    0.0461    0.0707    0.4115

29900
50.3795    0.0156    0.0056    0.067    0.1029    0.5234

29920
51.177    0.0114    0.0074    0.0351    0.0734    0.4308

29940
50.6141    0.0126    0.0076    0.0329    0.0797    0.375

29960
50.6225    0.0504    0.0053    0.0551    0.0858    0.4778

29980
49.9607    0.0476    0.0054    0.0401    0.0713    0.3787

30000
49.2474    0.0368    0.0055    0.041    0.0893    0.3888

30020
48.199    0.027    0.0054    0.0601    0.0796    0.3574

30040
50.999    0.0724    0.0057    0.0497    0.1072    0.4441

30060
52.0653    0.0298    0.008    0.0974    0.0808    0.4191

30080
49.6869    0.1525    0.0071    0.0511    0.1161    0.3799

30100
51.1372    0.0475    0.0055    0.0409    0.079    0.4513

30120
49.8672    0.041    0.0054    0.0398    0.0793    0.4153

30140
53.4984    0.0297    0.0065    0.0925    0.151    0.5197

30160
49.1623    0.0422    0.0056    0.0473    0.0679    0.3633

30180
50.0691    0.0866    0.0052    0.0427    0.0833    0.401

30200
49.6746    0.0564    0.0061    0.0409    0.0673    0.3518

30220
51.6671    0.1021    0.0055    0.0427    0.0835    0.4214

30240
49.3855    0.0704    0.0052    0.0425    0.0802    0.3466

30260
49.2953    0.0758    0.0052    0.0428    0.0976    0.3754

30280
51.2193    0.0648    0.0054    0.0535    0.1449    0.4341

30300
51.1308    0.0803    0.0051    0.0433    0.0784    0.413

30320
48.5893    0.0403    0.0226    0.0518    0.1524    0.4149

30340
49.3384    0.0393    0.0084    0.049    0.1081    0.4683

30360
50.83    0.1589    0.008    0.0455    0.0864    0.3864

30380
51.3816    0.22    0.0081    0.057    0.083    0.4122

30400
49.5831    0.1103    0.0062    0.0575    0.067    0.3993

30420
49.1953    0.1321    0.0052    0.0302    0.0691    0.3383

30440
49.0762    0.0763    0.0066    0.0506    0.0759    0.4461

30460
50.7162    0.0888    0.0079    0.0562    0.085    0.4305

30480
50.4276    0.0637    0.0058    0.0313    0.0634    0.3494

30500
50.1113    0.0592    0.0053    0.056    0.1173    0.4132

30520
48.6376    0.0553    0.0074    0.0574    0.1251    0.4511

30540
49.2458    0.0322    0.0059    0.0304    0.0567    0.3317

30560
51.375    0.0261    0.0054    0.051    0.0989    0.4496

30580
50.3972    0.0396    0.005    0.0486    0.1131    0.4393

30600
49.3144    0.0415    0.0095    0.0484    0.1225    0.3638

30620
48.0499    0.0398    0.0065    0.0352    0.0669    0.3901

30640
50.6179    0.0303    0.0057    0.0402    0.0797    0.4069

30660
50.2892    0.0409    0.0058    0.0342    0.0684    0.3645

30680
51.8209    0.016    0.005    0.0515    0.1021    0.4187

30700
50.3974    0.0241    0.0051    0.0627    0.1039    0.5087

30720
49.7176    0.0677    0.0052    0.0677    0.1237    0.5299

30740
49.6051    0.0413    0.0111    0.0433    0.0989    0.4444

30760
47.6228    0.0323    0.0047    0.0423    0.0969    0.4257

30780
48.6033    0.0269    0.0051    0.0487    0.1138    0.4184

30800
49.37    0.0354    0.0048    0.04    0.0579    0.3631

30820
49.506    0.0368    0.0056    0.0645    0.0946    0.4477

30840
47.8247    0.033    0.0047    0.0484    0.0786    0.3992

30860
51.229    0.0288    0.0046    0.054    0.1282    0.4035

30880
50.1501    0.0616    0.0047    0.0458    0.1211    0.4687

30900
48.5092    0.1035    0.0044    0.0478    0.0805    0.3984

30920
49.5636    0.0835    0.005    0.034    0.0681    0.3388

30940
50.8279    0.0626    0.0044    0.0507    0.0935    0.4276

30960
47.6205    0.0672    0.005    0.0592    0.1444    0.4856

30980
50.686    0.0679    0.0045    0.0415    0.0836    0.3943

31000
48.8432    0.0417    0.004    0.0435    0.1164    0.3728

31020
48.2996    0.0679    0.0042    0.0364    0.0702    0.3797

31040
51.6092    0.038    0.0044    0.0424    0.0694    0.3776

31060
48.8366    0.0292    0.0041    0.0378    0.0813    0.3969

31080
50.162    0.0695    0.0097    0.0661    0.1074    0.4606

31100
50.0573    0.0535    0.0046    0.0554    0.076    0.4567

31120
50.4457    0.0445    0.005    0.0459    0.0719    0.3952

31140
50.9715    0.053    0.0049    0.0557    0.0818    0.4222

31160
49.3932    0.0445    0.0094    0.061    0.1046    0.4545

31180
50.9745    0.0272    0.01    0.0557    0.0721    0.4021

31200
50.5933    0.027    0.0081    0.0404    0.0897    0.4354

31220
49.8268    0.0372    0.0057    0.0593    0.1156    0.5037

31240
51.1118    0.0146    0.0202    0.0475    0.0983    0.4691

31260
47.3824    0.0129    0.0105    0.0595    0.0857    0.4754

31280
49.1953    0.0075    0.0107    0.0539    0.1119    0.4817

31300
51.5447    0.0284    0.0084    0.0651    0.1097    0.4973

31320
52.5482    0.0301    0.0057    0.0513    0.0895    0.4538

31340
50.386    0.0374    0.0063    0.0427    0.0703    0.349

31360
50.0452    0.0231    0.0046    0.0473    0.1075    0.4582

31380
48.7883    0.0532    0.0069    0.0449    0.0931    0.4465

31400
49.1557    0.0586    0.0053    0.0479    0.0943    0.4605

31420
50.8668    0.0626    0.0053    0.0409    0.0821    0.4054

31440
50.0159    0.0423    0.0046    0.0502    0.0852    0.4315

31460
49.9308    0.031    0.0046    0.0437    0.0918    0.3317

31480
50.4778    0.0307    0.0049    0.0511    0.0976    0.4497

31500
51.7534    0.0243    0.0048    0.0459    0.0924    0.3795

31520
49.5564    0.0275    0.0038    0.0854    0.0778    0.3633

31540
47.9452    0.0404    0.004    0.0795    0.066    0.4359

31560
51.336    0.0324    0.004    0.0931    0.0992    0.4496

31580
50.9126    0.0444    0.0038    0.0472    0.1089    0.4713

31600
47.456    0.0324    0.0044    0.0336    0.073    0.3754

31620
48.3091    0.0231    0.004    0.0394    0.0508    0.3187

31640
48.7688    0.0248    0.0038    0.0596    0.0689    0.3765

