gen   disc_whole   disc_mask   l1_loss   ssim_loss   percep

52760
48.6625    0.0877    0.0004    0.0451    0.1021    0.5233

52780
61.7688    0.072    0.002    0.0481    0.0956    0.5404

52800
59.8657    0.0547    0.0007    0.0417    0.1053    0.5126

52820
61.0261    0.022    0.0007    0.0572    0.0936    0.4963

52840
57.653    0.1059    0.0007    0.0552    0.101    0.5405

52860
60.7473    0.0694    0.0006    0.047    0.092    0.5625

52880
57.6543    0.1066    0.0006    0.0455    0.0993    0.5179

52900
57.7436    0.0382    0.0005    0.0347    0.0863    0.4532

52920
61.7375    0.0311    0.0006    0.0369    0.074    0.4959

52940
58.4159    0.0382    0.0035    0.0464    0.0921    0.506

52960
59.6563    0.0445    0.0006    0.0378    0.0906    0.4845

52980
59.1504    0.0438    0.001    0.0372    0.0836    0.4616

53000
60.3658    0.0657    0.0028    0.0478    0.0731    0.5123

53020
59.8501    0.0142    0.0007    0.0435    0.0847    0.5184

53040
60.7441    0.0312    0.0008    0.0418    0.1058    0.5405

53060
59.4126    0.0178    0.0007    0.0454    0.1079    0.5398

53080
57.5227    0.0315    0.0005    0.0411    0.0882    0.4935

53100
58.6549    0.0459    0.0006    0.0514    0.1104    0.5812

53120
58.6428    0.018    0.0006    0.0421    0.1056    0.5584

53140
59.1033    0.0169    0.0004    0.052    0.0825    0.4651

53160
59.586    0.0381    0.0005    0.0445    0.0922    0.4963

53180
58.2172    0.0345    0.0005    0.0348    0.0983    0.489

53200
59.3925    0.065    0.0004    0.0317    0.0744    0.444

53220
59.8332    0.0577    0.0005    0.0436    0.1002    0.5592

53240
60.3937    0.0368    0.0004    0.0476    0.1262    0.5676

53260
59.1067    0.0149    0.0004    0.048    0.0987    0.5732

53280
59.6871    0.0374    0.0006    0.0541    0.1325    0.5151

53300
60.7171    0.0295    0.0003    0.0433    0.0936    0.5581

53320
59.2349    0.0343    0.0004    0.0477    0.1193    0.5222

53340
58.999    0.0689    0.0004    0.0495    0.1114    0.5675

53360
58.0385    0.1839    0.0007    0.0502    0.0883    0.5098

53380
57.3263    0.1319    0.0004    0.0539    0.1118    0.4916

53400
58.7812    0.0915    0.0004    0.0437    0.1105    0.4886

53420
59.0778    0.0625    0.0005    0.0573    0.1033    0.5495

53440
59.6569    0.0846    0.0004    0.0648    0.1405    0.5999

53460
58.8566    0.095    0.0004    0.0467    0.1053    0.5507

53480
58.897    0.12    0.0003    0.0435    0.1003    0.5224

53500
58.8579    0.0469    0.0005    0.052    0.1394    0.4893

53520
60.826    0.0605    0.0004    0.0493    0.1263    0.4933

53540
60.1785    0.0848    0.0004    0.0605    0.1066    0.5399

53560
59.6917    0.0619    0.0005    0.036    0.0885    0.4466

53580
59.5521    0.0715    0.0003    0.0477    0.1129    0.5437

53600
60.4651    0.0276    0.0003    0.0414    0.0987    0.5437

53620
59.1319    0.1423    0.0003    0.0421    0.0952    0.4935

53640
60.0058    0.1287    0.002    0.0399    0.0996    0.5167

53660
58.5921    0.1525    0.0005    0.0481    0.0992    0.4932

53680
57.3691    0.1626    0.0005    0.0422    0.087    0.4953

53700
57.9432    0.1108    0.0006    0.0408    0.0919    0.5133

53720
57.8596    0.1172    0.0005    0.0487    0.1166    0.5355

53740
59.1746    0.0931    0.0008    0.0629    0.1148    0.5942

53760
58.4374    0.0416    0.0005    0.0358    0.0815    0.4995

53780
60.8787    0.1109    0.0004    0.046    0.1079    0.5472

53800
59.9076    0.0631    0.0005    0.0435    0.1002    0.5104

53820
60.0019    0.0772    0.0014    0.0462    0.1088    0.6345

53840
60.0331    0.056    0.0007    0.0492    0.113    0.5561

53860
58.1975    0.0173    0.0004    0.0416    0.0978    0.4833

53880
58.86    0.0791    0.0004    0.0427    0.0788    0.5078

53900
59.3736    0.038    0.0004    0.0499    0.1183    0.5634

53920
60.1575    0.034    0.0009    0.0549    0.2303    0.4842

53940
60.7278    0.0394    0.0004    0.0503    0.0891    0.5436

53960
56.7964    0.0384    0.0003    0.0567    0.1237    0.515

53980
60.4061    0.0409    0.0004    0.0455    0.0952    0.5523

54000
58.9199    0.0441    0.0004    0.0538    0.1226    0.5909

54020
59.6003    0.0819    0.0003    0.0526    0.1435    0.5275

54040
59.1499    0.0117    0.0011    0.0463    0.0969    0.5273

54060
58.7679    0.0174    0.0003    0.0389    0.0973    0.4835

54080
59.3709    0.0384    0.0004    0.0484    0.1073    0.5163

54100
59.085    0.0126    0.0004    0.0427    0.0954    0.5547

54120
59.1394    0.0167    0.0003    0.0444    0.1029    0.5064

54140
59.3908    0.0621    0.0004    0.0492    0.0973    0.5719

54160
59.2109    0.0224    0.0004    0.045    0.1037    0.5175

54180
59.3685    0.0157    0.0003    0.0767    0.1911    0.5488

54200
59.7073    0.0146    0.0006    0.0432    0.0967    0.5076

54220
61.4068    0.0144    0.0004    0.0605    0.1209    0.5705

54240
60.1126    0.0159    0.0003    0.0397    0.0918    0.4758

54260
57.3828    0.018    0.0003    0.0429    0.0883    0.4833

54280
61.1341    0.0169    0.0003    0.0405    0.0976    0.502

54300
58.7599    0.0137    0.0003    0.0481    0.0826    0.4895

54320
61.09    0.0082    0.0004    0.0446    0.0946    0.4871

54340
59.8333    0.0398    0.0003    0.0455    0.0968    0.5324

54360
62.6585    0.0203    0.0003    0.0385    0.1077    0.5012

54380
60.741    0.0255    0.0003    0.0596    0.1286    0.575

54400
61.5995    0.0178    0.0003    0.0423    0.0866    0.4711

54420
59.5227    0.0101    0.0003    0.0453    0.0835    0.4855

54440
59.1536    0.0637    0.0003    0.0422    0.0911    0.5131

54460
60.2549    0.0496    0.0003    0.0438    0.0889    0.5073

54480
59.956    0.02    0.0003    0.0414    0.0786    0.49

54500
59.7741    0.019    0.0003    0.0493    0.0873    0.4975

54520
59.1472    0.0217    0.0003    0.0523    0.0714    0.4397

54540
58.4713    0.0105    0.0003    0.0589    0.103    0.5225

54560
58.6571    0.0159    0.0003    0.0563    0.1328    0.5161

54580
61.3727    0.0154    0.0003    0.0452    0.0917    0.4983

54600
58.8262    0.0357    0.0003    0.0492    0.108    0.5309

54620
61.3997    0.0227    0.0018    0.0476    0.1123    0.5231

54640
59.0691    0.0136    0.0004    0.0533    0.163    0.5298

54660
58.8069    0.0545    0.0006    0.0374    0.0795    0.4755

54680
59.3737    0.044    0.0005    0.0545    0.0838    0.5147

54700
57.1173    0.0112    0.0005    0.0476    0.0976    0.4816

54720
59.1255    0.0187    0.0004    0.0489    0.083    0.4705

54740
58.9537    0.0049    0.0004    0.0539    0.123    0.5715

54760
60.0452    0.0709    0.0004    0.0673    0.1515    0.5395

54780
59.9664    0.022    0.0005    0.05    0.1175    0.5524

54800
58.5036    0.022    0.0003    0.0482    0.0969    0.5028

54820
61.2196    0.0119    0.0003    0.0554    0.1092    0.5614

54840
61.1369    0.0193    0.0004    0.0488    0.1677    0.5381

54860
57.7268    0.0081    0.0003    0.0473    0.0759    0.4229

54880
58.9338    0.0066    0.0003    0.0522    0.0951    0.4885

54900
61.1318    0.0251    0.0004    0.0421    0.0876    0.512

54920
57.9889    0.0384    0.0003    0.0439    0.0939    0.4955

54940
58.9935    0.0254    0.0003    0.046    0.0957    0.5173

54960
59.6072    0.0471    0.0003    0.0439    0.1098    0.4755

54980
59.0322    0.0197    0.0002    0.0509    0.1103    0.4967

55000
58.2622    0.0131    0.0003    0.0408    0.0804    0.4634

55020
60.6389    0.0345    0.0005    0.05    0.0818    0.4863

55040
60.1324    0.024    0.0003    0.0429    0.1045    0.5041

55060
60.1501    0.0274    0.0003    0.0534    0.1052    0.5704

55080
56.9746    0.0408    0.0003    0.0486    0.1051    0.6086

55100
58.4148    0.0238    0.0003    0.0425    0.1091    0.5114

55120
59.2366    0.028    0.0003    0.0399    0.0907    0.4901

55140
58.6934    0.0215    0.0003    0.0377    0.0782    0.46

55160
58.169    0.0087    0.0003    0.0394    0.0886    0.4983

55180
59.9686    0.0071    0.0003    0.0473    0.0952    0.5502

55200
59.4198    0.0127    0.0003    0.0405    0.1036    0.5213

55220
59.2102    0.0077    0.0003    0.0401    0.0992    0.4939

55240
62.3561    0.0404    0.0003    0.0578    0.1691    0.6146

55260
59.7503    0.0083    0.0003    0.0474    0.0942    0.5173

55280
58.8593    0.0457    0.0003    0.0465    0.0939    0.502

55300
58.1025    0.0324    0.0003    0.0398    0.0938    0.5133

55320
60.1424    0.0544    0.0003    0.0324    0.074    0.4438

55340
59.759    0.0328    0.0002    0.0416    0.1032    0.4421

55360
59.9865    0.0382    0.0009    0.042    0.093    0.531

55380
58.5378    0.0276    0.0003    0.0549    0.0938    0.491

55400
59.573    0.0261    0.0003    0.0504    0.0929    0.5441

55420
60.4138    0.0327    0.0003    0.0557    0.0985    0.5314

55440
60.0008    0.0304    0.0003    0.0485    0.089    0.5386

55460
58.9244    0.0329    0.0003    0.0454    0.0924    0.5658

55480
58.9562    0.0806    0.0004    0.0521    0.1005    0.5295

55500
58.5088    0.0262    0.0003    0.0419    0.1019    0.4904

55520
60.8098    0.026    0.0003    0.0439    0.0897    0.4898

55540
59.2494    0.0349    0.0003    0.0577    0.1612    0.5517

55560
59.9699    0.1275    0.0003    0.0465    0.0889    0.4842

55580
60.5261    0.0872    0.0003    0.0605    0.0972    0.62

55600
58.8639    0.0522    0.0003    0.069    0.1076    0.5875

55620
57.5764    0.0247    0.0003    0.0387    0.0969    0.4599

55640
58.0753    0.023    0.0003    0.0409    0.1292    0.4876

55660
59.3998    0.0318    0.0003    0.054    0.1064    0.5211

55680
57.3098    0.0582    0.0002    0.0437    0.0991    0.4908

55700
60.2997    0.036    0.0002    0.0383    0.0889    0.5145

55720
58.2408    0.0242    0.0003    0.0419    0.1013    0.5377

55740
58.8488    0.0515    0.0002    0.05    0.1002    0.5114

55760
58.9991    0.1361    0.0002    0.0446    0.1027    0.495

55780
58.578    0.0562    0.0004    0.052    0.1879    0.5569

55800
59.7482    0.0454    0.0002    0.0545    0.1076    0.5149

55820
57.4518    0.1479    0.0002    0.0442    0.0663    0.4388

55840
59.7157    0.0944    0.0003    0.0434    0.0765    0.5032

55860
59.256    0.0811    0.0005    0.0461    0.0868    0.4685

55880
58.4835    0.037    0.0002    0.0448    0.0797    0.494

55900
59.4985    0.0668    0.0002    0.0691    0.1128    0.4886

55920
58.89    0.0329    0.0002    0.0328    0.0734    0.4435

55940
59.4699    0.0707    0.0003    0.0406    0.0776    0.5033

55960
61.0808    0.1434    0.0003    0.0483    0.0963    0.5193

55980
58.4727    0.0739    0.0003    0.0345    0.1008    0.4518

56000
58.4788    0.1041    0.0003    0.0509    0.1041    0.5749

56020
58.1486    0.0888    0.0003    0.0461    0.1194    0.5209

56040
59.2361    0.079    0.0003    0.0401    0.0874    0.4779

56060
58.9623    0.0236    0.0003    0.048    0.1197    0.4856

56080
60.1504    0.0614    0.0002    0.0441    0.1135    0.5469

56100
58.3665    0.0323    0.0003    0.0562    0.1309    0.5727

56120
61.524    0.0585    0.0003    0.0389    0.095    0.4899

56140
57.8984    0.06    0.0002    0.0416    0.0881    0.4799

56160
59.919    0.0461    0.0002    0.0469    0.1028    0.5166

56180
61.2772    0.0753    0.0002    0.0568    0.0898    0.4787

56200
58.6619    0.0609    0.0003    0.0588    0.1446    0.6322

56220
59.0948    0.0545    0.0002    0.044    0.0937    0.5062

56240
59.5649    0.0376    0.0003    0.0551    0.165    0.5235

56260
59.9643    0.0304    0.0004    0.05    0.1023    0.487

