gen   disc_whole   disc_mask   l1_loss   ssim_loss   percep

3540
75.2826    0.0784    0    0.1644    0.2224    0.7042

3560
77.191    0.1038    0    0.0966    0.1156    0.5681

3580
79.1063    0.0814    0    0.1962    0.2433    0.5678

3600
75.3128    0.0945    0    0.0954    0.12    0.5823

3620
77.3947    0.0967    0    0.2007    0.1724    0.6016

3640
77.976    0.1005    0    0.0835    0.1116    0.5715

3660
74.3427    0.0978    0    0.1149    0.2221    0.6682

3680
77.66    0.0996    0    0.2562    0.1351    0.6227

3700
75.4182    0.1017    0    0.0724    0.098    0.4619

3720
75.5355    0.0776    0    0.2284    0.2674    0.6669

3740
75.1925    0.1113    0    0.1091    0.1059    0.5548

3760
75.3632    0.0838    0    0.1973    0.2027    0.6357

3780
73.7038    0.1159    0    0.181    0.2638    0.6524

3800
76.0503    0.088    0    0.1117    0.1431    0.5913

3820
72.7019    0.108    0    0.1666    0.1859    0.5521

3840
76.0781    0.1565    0    0.1076    0.126    0.5851

3860
76.5782    0.1041    0    0.1357    0.1256    0.5777

3880
73.3662    0.0996    0    0.1078    0.0992    0.5884

3900
74.3705    0.0949    0    0.1074    0.1522    0.6021

3920
75.1419    0.0922    0    0.1227    0.1278    0.64

3940
73.0038    0.1182    0    0.0922    0.1155    0.5907

3960
74.9482    0.0954    0    0.1641    0.1672    0.6284

3980
73.3078    0.108    0    0.1348    0.1641    0.5481

4000
77.9282    0.0763    0    0.1585    0.2454    0.688

4020
75.2907    0.0908    0    0.1502    0.1465    0.6479

4040
71.9998    0.1205    0    0.1037    0.1519    0.5648

4060
75.7887    0.079    0    0.0794    0.1408    0.6123

4080
74.3675    0.0756    0    0.1657    0.1322    0.5985

4100
72.5343    0.1063    0    0.1223    0.1707    0.6285

4120
73.9411    0.0974    0    0.0955    0.1463    0.7774

4140
73.8439    0.097    0    0.1097    0.1787    0.6699

4160
72.16    0.1405    0    0.0776    0.1013    0.5791

4180
75.2396    0.1098    0    0.0704    0.1125    0.5067

4200
72.9277    0.1234    0    0.0772    0.1204    0.5708

4220
73.4817    0.1386    0    0.2195    0.1294    0.5894

4240
75.3933    0.1013    0    0.1812    0.2073    0.6113

4260
74.6084    0.0934    0    0.1051    0.1519    0.5844

4280
73.1814    0.0896    0    0.0898    0.1048    0.5401

4300
74.0087    0.1505    0    0.114    0.1387    0.5708

4320
74.1281    0.1024    0    0.1099    0.1497    0.6074

4340
75.1835    0.0916    0    0.088    0.1032    0.5854

4360
74.5972    0.0829    0    0.1497    0.1355    0.6316

4380
73.2561    0.1197    0    0.1178    0.1501    0.6064

4400
72.8401    0.0743    0    0.1037    0.1051    0.5691

4420
73.7028    0.0825    0    0.1941    0.1391    0.6247

4440
70.6439    0.109    0    0.0951    0.1063    0.5464

4460
76.7119    0.0934    0    0.0861    0.1132    0.5857

4480
75.1452    0.0752    0    0.1477    0.1241    0.6101

4500
73.3113    0.1185    0    0.1467    0.1498    0.7128

4520
73.2532    0.0842    0    0.1112    0.1455    0.6355

4540
73.8444    0.0709    0    0.1918    0.1384    0.6154

4560
73.7279    0.1029    0    0.1011    0.1735    0.6034

4580
75.076    0.069    0    0.0984    0.1187    0.5919

4600
74.1399    0.0801    0    0.0934    0.1551    0.639

4620
70.4276    0.0998    0    0.1083    0.1739    0.5441

4640
73.6888    0.0597    0    0.1291    0.2159    0.6855

4660
71.5866    0.106    0    0.1292    0.1744    0.5772

4680
73.5859    0.113    0    0.1105    0.1376    0.5652

4700
69.7884    0.1783    0    0.0824    0.1014    0.5706

4720
73.8176    0.1052    0    0.113    0.1775    0.666

4740
73.6921    0.1495    0    0.1057    0.1111    0.5045

4760
73.3268    0.1592    0    0.086    0.1082    0.552

4780
70.1002    0.1025    0    0.093    0.1261    0.5775

4800
76.316    0.1177    0    0.1452    0.2024    0.6488

4820
75.1466    0.1088    0    0.1528    0.126    0.5913

4840
72.0567    0.1003    0    0.0818    0.0966    0.5143

4860
72.4469    0.0846    0    0.1285    0.182    0.7005

4880
72.7624    0.0824    0    0.0687    0.1078    0.5467

4900
72.7592    0.0821    0    0.1363    0.1851    0.6192

4920
74.3107    0.076    0    0.1124    0.1772    0.6129

4940
74.58    0.1017    0    0.069    0.1008    0.5036

4960
73.3427    0.1174    0    0.0743    0.0916    0.4971

4980
73.1547    0.0863    0    0.134    0.1391    0.6204

5000
74.666    0.09    0    0.1338    0.2781    0.6799

5020
71.8344    0.0612    0    0.1365    0.1223    0.5909

5040
72.4722    0.0762    0    0.0964    0.1408    0.6621

5060
71.2892    0.0756    0    0.1274    0.1616    0.5495

5080
73.5409    0.0572    0    0.1027    0.1274    0.5402

5100
72.9012    0.0918    0    0.1894    0.286    0.6143

5120
72.2523    0.0801    0    0.0805    0.1306    0.5749

5140
72.7542    0.0726    0    0.0733    0.119    0.5515

5160
68.7888    0.0615    0    0.0615    0.1102    0.5049

5180
71.8612    0.1219    0    0.1179    0.1269    0.6094

5200
75.0011    0.0688    0    0.0796    0.1143    0.5615

5220
73.978    0.0976    0    0.0966    0.1204    0.5424

5240
74.786    0.0839    0    0.0787    0.1328    0.599

5260
72.0864    0.0722    0    0.0878    0.1244    0.6206

5280
72.7864    0.0914    0    0.106    0.1747    0.5779

5300
70.6005    0.0889    0    0.0601    0.1154    0.5911

5320
73.6762    0.0898    0    0.1018    0.1416    0.5493

5340
74.6209    0.0737    0    0.1011    0.1361    0.6184

5360
72.6002    0.0984    0    0.0927    0.1384    0.5432

5380
70.9724    0.0871    0    0.101    0.1532    0.6614

5400
71.7194    0.056    0    0.0905    0.1408    0.5447

5420
74.776    0.0856    0    0.083    0.1466    0.5456

5440
71.7893    0.0628    0    0.1202    0.1505    0.7203

5460
68.8637    0.1018    0    0.0917    0.1643    0.5877

5480
73.2668    0.0824    0    0.1648    0.1393    0.6465

5500
71.1943    0.0778    0    0.0864    0.1771    0.5599

5520
72.3806    0.1707    0    0.063    0.106    0.5327

5540
72.0401    0.1067    0    0.1002    0.2101    0.5367

5560
72.1238    0.1569    0    0.1616    0.1474    0.6637

5580
72.1229    0.1645    0    0.0732    0.1173    0.5808

5600
74.3748    0.1356    0    0.1233    0.1422    0.6256

5620
72.7565    0.1047    0    0.1136    0.1697    0.599

5640
68.9977    0.0852    0    0.0864    0.1102    0.5495

5660
69.2523    0.1463    0    0.0802    0.1187    0.5945

5680
73.8135    0.1217    0    0.1043    0.1237    0.5954

5700
69.145    0.0787    0    0.1049    0.1114    0.523

5720
73.5833    0.0824    0    0.1358    0.1229    0.6238

5740
72.335    0.1066    0    0.0759    0.1333    0.6174

5760
72.3291    0.0899    0    0.0795    0.1065    0.4978

5780
69.5238    0.075    0    0.0936    0.129    0.6022

5800
69.5651    0.072    0    0.061    0.1112    0.5586

5820
70.1347    0.0911    0    0.1028    0.1552    0.6134

5840
70.6858    0.0993    0    0.2013    0.1407    0.5774

5860
71.6718    0.0773    0    0.1458    0.1389    0.6305

5880
70.3546    0.0973    0    0.0757    0.1433    0.5666

5900
72.1268    0.0994    0    0.0741    0.1127    0.5429

5920
71.2405    0.0773    0    0.1022    0.168    0.585

5940
70.4127    0.0828    0    0.1068    0.1181    0.5437

5960
71.0416    0.1416    0    0.0984    0.1657    0.6103

5980
72.4937    0.1291    0    0.0787    0.1298    0.5684

6000
74.0178    0.0668    0    0.1611    0.1165    0.6022

6020
70.3222    0.1181    0    0.1238    0.1229    0.5718

6040
70.3965    0.1306    0    0.1709    0.2483    0.5994

6060
68.8164    0.1106    0    0.0823    0.1204    0.5649

6080
70.4847    0.1104    0    0.1533    0.1519    0.5868

6100
72.2526    0.0826    0    0.0981    0.1473    0.6361

6120
69.935    0.0886    0    0.0741    0.1223    0.6348

6140
72.1605    0.0987    0    0.0743    0.0801    0.4993

6160
70.9603    0.0854    0    0.0705    0.1143    0.5327

6180
71.2635    0.1005    0    0.1009    0.14    0.6478

6200
72.3443    0.0796    0    0.0719    0.1266    0.554

6220
71.0512    0.0849    0    0.1751    0.2062    0.5316

6240
70.6632    0.0699    0    0.1045    0.1358    0.7145

6260
72.9627    0.0813    0    0.0841    0.1238    0.5345

6280
71.9016    0.0757    0    0.1064    0.1915    0.5913

6300
71.2988    0.0714    0    0.081    0.0973    0.503

6320
68.8686    0.0787    0    0.0529    0.1084    0.4905

6340
69.2132    0.0621    0    0.0958    0.1863    0.5505

6360
72.319    0.0629    0    0.1022    0.1215    0.5441

6380
69.8869    0.0764    0    0.0835    0.121    0.4781

6400
69.3204    0.0788    0    0.0841    0.1435    0.5732

6420
70.891    0.0555    0    0.0997    0.1579    0.5975

6440
69.5048    0.1341    0    0.0689    0.1262    0.6228

6460
68.7865    0.0785    0    0.0768    0.1152    0.5773

6480
69.0961    0.0568    0    0.074    0.1295    0.608

6500
68.4006    0.0659    0    0.0645    0.1048    0.5263

6520
71.6081    0.0631    0    0.0758    0.1152    0.6174

6540
70.2928    0.0495    0    0.1348    0.1433    0.6696

6560
71.7814    0.0869    0    0.1145    0.1181    0.7167

6580
69.6279    0.1    0    0.1156    0.1169    0.6024

6600
71.5172    0.1039    0    0.09    0.1164    0.5821

6620
70.8944    0.1251    0    0.0801    0.145    0.5157

6640
70.3394    0.1058    0    0.1179    0.1433    0.5565

6660
71.9037    0.0956    0    0.0858    0.1164    0.5783

6680
73.1777    0.0951    0    0.0722    0.1135    0.5677

6700
70.2062    0.1163    0    0.066    0.1508    0.5436

6720
68.549    0.1243    0    0.0816    0.1015    0.5796

6740
70.3354    0.0926    0    0.0757    0.096    0.5819

6760
71.2595    0.0932    0    0.065    0.1044    0.5677

6780
70.3397    0.0935    0    0.1023    0.1309    0.6236

6800
70.8057    0.061    0    0.0928    0.1639    0.6116

6820
69.8719    0.0564    0    0.0738    0.171    0.5291

6840
70.1012    0.0671    0    0.1026    0.1428    0.6714

6860
69.5255    0.0709    0    0.0878    0.1189    0.6782

6880
71.1241    0.0534    0    0.0681    0.0945    0.5609

6900
68.2671    0.0751    0    0.1173    0.1302    0.6244

6920
69.0704    0.0633    0    0.0712    0.1483    0.5619

6940
71.0004    0.0518    0    0.0912    0.1318    0.6442

6960
70.5309    0.0685    0    0.1314    0.1982    0.6576

6980
73.7701    0.0756    0    0.1017    0.1314    0.5613

7000
69.3879    0.092    0    0.0555    0.1226    0.5859

7020
69.5104    0.1256    0    0.0906    0.1549    0.6318

