gen   disc_whole   disc_mask   l1_loss   ssim_loss   percep

38700
61.6573    0.0571    0.0014    0.0769    0.1194    0.5675

38720
62.2118    0.1279    0.0015    0.0539    0.0773    0.4615

38740
60.1189    0.0634    0.0013    0.0688    0.1181    0.5255

38760
59.9252    0.1177    0.0016    0.0448    0.1103    0.569

38780
61.906    0.1099    0.0014    0.0553    0.1329    0.5177

38800
61.7904    0.1197    0.0015    0.0434    0.1083    0.5648

38820
60.051    0.1984    0.0012    0.0447    0.0931    0.5223

38840
59.6458    0.1098    0.0015    0.0502    0.1184    0.6237

38860
59.1139    0.1001    0.0021    0.0364    0.0713    0.4795

38880
62.4517    0.2247    0.0014    0.0702    0.1253    0.5609

38900
59.8107    0.2562    0.0031    0.0387    0.0701    0.4531

38920
58.9051    0.1108    0.0024    0.0634    0.0795    0.4582

38940
58.0856    0.1746    0.0019    0.042    0.074    0.4354

38960
60.8226    0.1321    0.0018    0.0698    0.1257    0.5037

38980
59.5454    0.1279    0.002    0.0497    0.1145    0.5738

39000
58.1071    0.1457    0.0014    0.0443    0.097    0.5081

39020
61.4555    0.1306    0.0017    0.0638    0.121    0.5978

39040
60.7806    0.1551    0.0018    0.0502    0.1015    0.5898

39060
58.6404    0.1009    0.0013    0.0495    0.0988    0.5631

39080
59.1573    0.0936    0.0014    0.0418    0.0922    0.5235

39100
57.0156    0.1039    0.0013    0.043    0.0964    0.5184

39120
59.6749    0.0685    0.0014    0.0458    0.0999    0.5384

39140
58.3911    0.0639    0.0015    0.0423    0.0973    0.5095

39160
58.8863    0.0608    0.0012    0.0475    0.1387    0.5811

39180
60.7472    0.0515    0.0015    0.045    0.0994    0.512

39200
60.8768    0.053    0.0012    0.0364    0.0875    0.4825

39220
60.0946    0.0691    0.0013    0.0496    0.1319    0.5523

39240
61.342    0.0152    0.0013    0.0716    0.1722    0.5508

39260
60.276    0.0339    0.0041    0.0524    0.0687    0.4541

39280
61.3428    0.053    0.0031    0.0538    0.123    0.5442

39300
59.8684    0.0343    0.0028    0.0453    0.0862    0.4811

39320
59.6892    0.0334    0.0023    0.044    0.0888    0.4788

39340
60.2994    0.0463    0.0019    0.0543    0.1    0.5437

39360
60.0128    0.0343    0.0023    0.0558    0.1104    0.6021

39380
59.6231    0.0179    0.0018    0.037    0.061    0.4112

39400
61.1806    0.0531    0.0019    0.0597    0.1569    0.6038

39420
62.0453    0.0135    0.0015    0.048    0.0864    0.5057

39440
60.6166    0.0238    0.002    0.0451    0.0801    0.4921

39460
61.3387    0.0102    0.0013    0.0568    0.1063    0.5279

39480
60.569    0.0289    0.0013    0.0426    0.1053    0.4951

39500
61.0484    0.0567    0.0012    0.0487    0.0786    0.4548

39520
60.0572    0.0538    0.0015    0.0442    0.1052    0.5427

39540
60.9984    0.1212    0.0013    0.0525    0.126    0.5307

39560
58.9098    0.1313    0.0015    0.0432    0.0952    0.4984

39580
58.1578    0.0249    0.0012    0.0456    0.0851    0.541

39600
60.1214    0.0887    0.0013    0.0448    0.0786    0.432

39620
59.5196    0.0578    0.0012    0.0364    0.0823    0.5013

39640
56.9374    0.057    0.0012    0.0485    0.0968    0.5325

39660
61.2751    0.0607    0.0013    0.0392    0.086    0.4997

39680
60.6966    0.1089    0.0012    0.0401    0.0866    0.4815

39700
61.6137    0.0261    0.0012    0.0483    0.084    0.5347

39720
60.5374    0.0668    0.0011    0.0459    0.0881    0.4893

39740
61.317    0.114    0.0012    0.052    0.0993    0.4934

39760
61.8481    0.0385    0.0024    0.0491    0.1044    0.5563

39780
60.5193    0.0383    0.0016    0.0503    0.1036    0.5907

39800
60.6454    0.0388    0.0016    0.0512    0.1048    0.5896

39820
59.7422    0.0271    0.0014    0.0534    0.1306    0.5777

39840
61.9495    0.017    0.0015    0.0483    0.1116    0.5445

39860
58.2246    0.0182    0.0017    0.0395    0.0683    0.452

39880
61.1208    0.0333    0.0014    0.0412    0.0916    0.5214

39900
61.503    0.0334    0.0012    0.0524    0.1297    0.5705

39920
60.6495    0.0155    0.0015    0.0503    0.106    0.525

39940
59.0565    0.0167    0.0014    0.0579    0.1032    0.5685

39960
61.3708    0.0239    0.0012    0.0773    0.1042    0.546

39980
60.1401    0.0621    0.0012    0.0409    0.0963    0.5036

40000
61.5306    0.058    0.0013    0.04    0.1235    0.4703

40020
60.4294    0.1327    0.0011    0.0551    0.1213    0.5035

40040
59.5218    0.0694    0.002    0.0557    0.0861    0.5186

40060
59.495    0.0717    0.0013    0.0453    0.107    0.5038

40080
58.3467    0.0652    0.0016    0.044    0.0872    0.4672

40100
60.7054    0.1043    0.0014    0.0445    0.0968    0.5528

40120
60.1256    0.1143    0.0012    0.0389    0.0682    0.4224

40140
60.3085    0.1174    0.0011    0.0436    0.0969    0.4856

40160
60.1894    0.1237    0.0011    0.0402    0.0792    0.4459

40180
58.6823    0.1526    0.0012    0.0413    0.0962    0.4929

40200
60.8797    0.1406    0.0012    0.0447    0.0878    0.5256

40220
58.5832    0.1332    0.0015    0.0448    0.1046    0.532

40240
57.7223    0.1049    0.0011    0.0393    0.1116    0.4837

40260
60.6565    0.1258    0.0012    0.0391    0.1144    0.5444

40280
60.293    0.1033    0.0012    0.05    0.0955    0.4663

40300
59.398    0.0823    0.0015    0.0472    0.1054    0.5856

40320
60.6756    0.0598    0.0013    0.0517    0.1413    0.5364

40340
60.8982    0.0638    0.0011    0.0578    0.1339    0.5419

40360
61.7473    0.0444    0.0011    0.0722    0.1117    0.5757

40380
60.5353    0.0752    0.0011    0.049    0.1023    0.583

40400
60.6486    0.0674    0.0012    0.083    0.2952    0.531

40420
59.941    0.0493    0.0011    0.043    0.102    0.5335

40440
58.9271    0.0595    0.0011    0.0478    0.1114    0.6164

40460
57.9272    0.0817    0.0011    0.047    0.0886    0.4586

40480
59.6363    0.064    0.001    0.055    0.1283    0.5536

40500
60.2322    0.053    0.001    0.0421    0.0944    0.482

40520
61.1125    0.0554    0.001    0.0572    0.0962    0.5592

40540
61.0011    0.1332    0.0011    0.0406    0.0961    0.5244

40560
61.2393    0.2848    0.001    0.0426    0.0936    0.4734

40580
59.4148    0.1059    0.0011    0.0406    0.095    0.5395

40600
60.1893    0.1408    0.001    0.0469    0.1014    0.5371

40620
60.1848    0.0767    0.001    0.0647    0.1221    0.605

40640
59.4699    0.0981    0.001    0.0518    0.1068    0.5576

40660
59.5676    0.1326    0.0012    0.0534    0.0952    0.5262

40680
59.4282    0.0746    0.001    0.0523    0.0995    0.5332

40700
61.1685    0.0775    0.0013    0.0497    0.1071    0.564

40720
60.6541    0.0435    0.001    0.0485    0.089    0.4796

40740
58.8446    0.0214    0.0012    0.047    0.1454    0.5404

40760
59.9562    0.0197    0.0011    0.0456    0.1069    0.545

40780
61.2127    0.0119    0.0012    0.0885    0.2767    0.6623

40800
57.868    0.0576    0.001    0.0436    0.0971    0.5487

40820
60.9573    0.0316    0.001    0.0547    0.0937    0.4934

40840
57.1195    0.0453    0.001    0.0454    0.0784    0.5338

40860
60.9895    0.0405    0.0009    0.0434    0.0915    0.5151

40880
61.9256    0.0656    0.0011    0.0381    0.0715    0.4714

40900
61.4714    0.0736    0.001    0.0569    0.1538    0.5941

40920
60.2734    0.0637    0.0009    0.0442    0.0817    0.5059

40940
60.297    0.0329    0.0009    0.0552    0.1006    0.4637

40960
61.0053    0.0431    0.0013    0.0519    0.0957    0.5255

40980
58.5081    0.0452    0.001    0.0502    0.1045    0.5511

41000
60.8838    0.0642    0.001    0.0447    0.097    0.5348

41020
60.4297    0.0432    0.001    0.0789    0.1541    0.4772

41040
59.7718    0.0416    0.001    0.0389    0.0852    0.5141

41060
62.3309    0.0663    0.0011    0.0462    0.0982    0.5263

41080
61.1758    0.0762    0.0011    0.0639    0.1122    0.5986

41100
58.7387    0.0634    0.001    0.0714    0.1325    0.5432

41120
59.1246    0.0171    0.001    0.0593    0.1328    0.5307

41140
60.8524    0.0251    0.004    0.0629    0.184    0.604

41160
60.1029    0.0615    0.0022    0.0509    0.0818    0.4684

41180
60.7013    0.0425    0.0026    0.0372    0.0945    0.4722

41200
60.3412    0.0259    0.0021    0.0425    0.0704    0.4662

41220
62.1099    0.0173    0.0015    0.0425    0.0878    0.5004

41240
60.593    0.0117    0.0017    0.0466    0.0931    0.5487

41260
58.5337    0.0548    0.0013    0.0512    0.1184    0.573

41280
58.0943    0.0185    0.0013    0.0424    0.0822    0.4652

41300
60.4827    0.0265    0.0012    0.0518    0.1163    0.5345

41320
60.0938    0.01    0.0011    0.0506    0.0939    0.5212

41340
62.6551    0.0391    0.0011    0.0474    0.0823    0.5341

41360
59.735    0.0292    0.001    0.0522    0.108    0.5316

41380
62.2536    0.0363    0.001    0.0446    0.0943    0.5085

41400
62.102    0.1486    0.001    0.0492    0.1205    0.5111

41420
59.6119    0.0652    0.001    0.0383    0.1013    0.5097

41440
60.1052    0.1    0.0011    0.0499    0.1093    0.5253

41460
61.1512    0.0987    0.0013    0.0603    0.1162    0.5583

41480
62.3568    0.0844    0.0016    0.0414    0.1037    0.5218

41500
62.2257    0.0755    0.0013    0.0503    0.0928    0.5122

41520
60.2631    0.0818    0.0012    0.0522    0.0801    0.5036

41540
61.1372    0.1018    0.0012    0.0512    0.0792    0.5175

41560
60.2272    0.0511    0.001    0.0407    0.0966    0.4857

41580
60.5122    0.0624    0.0012    0.0457    0.0903    0.4892

41600
61.2448    0.0654    0.001    0.0532    0.1203    0.5726

41620
60.6959    0.0482    0.0011    0.0418    0.0802    0.4717

41640
62.1661    0.0264    0.0009    0.0468    0.0856    0.4702

41660
61.9467    0.0565    0.0014    0.0421    0.0978    0.5609

41680
61.3999    0.0548    0.001    0.0524    0.0987    0.5351

41700
59.846    0.0287    0.001    0.0463    0.0932    0.4938

41720
61.5607    0.0226    0.001    0.0468    0.1072    0.5429

41740
63.2724    0.0303    0.0009    0.0488    0.1336    0.5562

41760
60.5163    0.0461    0.0009    0.0571    0.0901    0.5258

41780
60.2132    0.0209    0.0009    0.0423    0.1157    0.5078

41800
59.4138    0.1115    0.0011    0.0507    0.1733    0.4865

41820
60.3549    0.0335    0.0009    0.0433    0.1155    0.4732

41840
60.724    0.0304    0.0011    0.0483    0.1003    0.5821

41860
59.4629    0.0142    0.0009    0.0484    0.1104    0.5655

41880
58.3744    0.0106    0.0011    0.0434    0.0877    0.4815

41900
60.0684    0.0221    0.001    0.0543    0.0914    0.5048

41920
59.6857    0.0537    0.0009    0.0496    0.1051    0.5379

41940
59.9343    0.0131    0.0008    0.0452    0.095    0.5141

41960
60.5189    0.0156    0.0009    0.047    0.1112    0.5505

41980
58.2302    0.0491    0.0008    0.06    0.0966    0.4809

42000
61.565    0.045    0.001    0.045    0.1345    0.5404

42020
58.642    0.0374    0.0009    0.0539    0.0921    0.5307

42040
60.1271    0.0304    0.0008    0.0464    0.1232    0.4926

42060
61.693    0.0313    0.0008    0.047    0.0972    0.5219

42080
60.9896    0.0238    0.0262    0.0402    0.0939    0.5033

42100
60.1122    0.0251    0.0447    0.0389    0.0999    0.4687

42120
59.318    0.0281    0.0538    0.0435    0.1147    0.5119

42140
58.4159    0.0161    0.0193    0.037    0.0745    0.4743

42160
60.1933    0.0507    0.011    0.0456    0.0896    0.4986

42180
61.5831    0.0619    0.0109    0.0505    0.1149    0.5456

