gen   disc_whole   disc_mask   l1_loss   ssim_loss   percep

35180
50.1147    0.0444    0.002    0.0472    0.0737    0.4063

35200
50.1806    0.0208    0.0021    0.0495    0.0961    0.4686

35220
48.6591    0.0152    0.0023    0.0386    0.0871    0.3919

35240
46.9969    0.0302    0.0022    0.0595    0.0648    0.3588

35260
50.2844    0.0323    0.0025    0.0346    0.0749    0.3465

35280
51.763    0.02    0.0022    0.0359    0.058    0.3493

35300
50.9176    0.0157    0.0021    0.0573    0.0745    0.4032

35320
49.5886    0.0355    0.0019    0.0525    0.0777    0.429

35340
49.8521    0.0406    0.0024    0.044    0.0844    0.4272

35360
51.2714    0.0528    0.002    0.0413    0.0774    0.3908

35380
49.4837    0.027    0.0019    0.0504    0.0747    0.3914

35400
49.0456    0.0098    0.0019    0.0464    0.0758    0.4418

35420
49.9616    0.0291    0.0019    0.0509    0.0944    0.4712

35440
51.8745    0.0338    0.0026    0.0631    0.1074    0.4962

35460
48.8253    0.0472    0.002    0.0385    0.1054    0.4196

35480
49.2437    0.0262    0.0019    0.0435    0.0644    0.3377

35500
47.6452    0.0467    0.002    0.0471    0.1042    0.4469

35520
47.6582    0.0201    0.0018    0.0416    0.0999    0.4123

35540
49.717    0.0239    0.002    0.0527    0.0943    0.4425

35560
49.0132    0.0186    0.002    0.0369    0.0756    0.4002

35580
50.5807    0.0352    0.002    0.0603    0.1049    0.4622

35600
49.8008    0.0372    0.0021    0.0423    0.0862    0.4267

35620
48.3127    0.0707    0.002    0.0419    0.0653    0.3947

35640
48.7601    0.1287    0.002    0.0428    0.0604    0.3876

35660
51.2174    0.0757    0.0017    0.0374    0.0855    0.3986

35680
48.5351    0.1017    0.0018    0.0522    0.071    0.3748

35700
49.1817    0.0969    0.0023    0.0568    0.0942    0.5173

35720
48.7378    0.0798    0.0019    0.0392    0.1131    0.3893

35740
50.0863    0.0574    0.0029    0.0444    0.1111    0.4219

35760
49.9492    0.0322    0.0023    0.0357    0.066    0.3902

35780
47.1724    0.0325    0.0019    0.0374    0.0929    0.4052

35800
49.4457    0.0181    0.0025    0.0355    0.0547    0.3427

35820
49.4107    0.0167    0.0019    0.0575    0.1068    0.4639

35840
47.6308    0.0289    0.0019    0.0448    0.1066    0.4206

35860
50.3094    0.0276    0.0019    0.037    0.1041    0.4168

35880
47.2454    0.0383    0.0018    0.0481    0.084    0.4604

35900
51.5486    0.0361    0.0044    0.045    0.1086    0.4651

35920
49.2457    0.0164    0.0025    0.073    0.1663    0.4439

35940
47.7734    0.0193    0.0028    0.0401    0.0642    0.3686

35960
50.1667    0.0142    0.002    0.0557    0.1848    0.4079

35980
49.4527    0.0142    0.0024    0.041    0.0762    0.4152

36000
49.3828    0.0104    0.0022    0.0575    0.0918    0.4339

36020
49.9627    0.0246    0.0019    0.0411    0.0809    0.3668

36040
49.7075    0.0127    0.0023    0.0397    0.0718    0.3785

36060
49.38    0.0088    0.002    0.036    0.0629    0.3434

36080
49.941    0.046    0.002    0.0334    0.062    0.3827

36100
49.5711    0.0355    0.0018    0.0387    0.0937    0.4131

36120
49.8544    0.0388    0.0021    0.0436    0.102    0.4018

36140
49.1961    0.0872    0.0023    0.0488    0.0831    0.4337

36160
49.0431    0.0406    0.0021    0.0527    0.1147    0.4077

36180
50.7122    0.1011    0.0022    0.0456    0.1008    0.4561

36200
48.8647    0.0848    0.0018    0.0429    0.1027    0.4377

36220
48.9876    0.0839    0.0018    0.0408    0.0758    0.4174

36240
48.824    0.0358    0.002    0.0547    0.1141    0.4871

36260
50.7094    0.0631    0.0017    0.0407    0.0842    0.4033

36280
51.7974    0.0389    0.0017    0.0606    0.1459    0.5391

36300
48.6474    0.0702    0.0017    0.0363    0.0785    0.3845

36320
47.6217    0.074    0.0018    0.0393    0.0709    0.4084

36340
47.6922    0.0566    0.0022    0.0402    0.0832    0.447

36360
48.333    0.0481    0.0018    0.0434    0.0859    0.4488

36380
48.2425    0.0625    0.0017    0.0369    0.0913    0.4492

36400
49.7269    0.0458    0.0017    0.0361    0.0619    0.3677

36420
48.5587    0.0387    0.0016    0.041    0.0949    0.4618

36440
49.848    0.047    0.0018    0.0381    0.0726    0.4468

36460
50.1754    0.0117    0.0018    0.0445    0.0661    0.416

36480
48.1199    0.039    0.0019    0.0423    0.0647    0.3584

36500
49.8655    0.039    0.0017    0.0524    0.077    0.4368

36520
50.6758    0.0273    0.0017    0.0405    0.0769    0.4073

36540
49.0153    0.0171    0.0017    0.044    0.0693    0.4112

36560
50.678    0.0429    0.0018    0.1041    0.1167    0.6457

36580
49.035    0.0155    0.0017    0.0483    0.0888    0.4247

36600
49.919    0.0474    0.0016    0.0315    0.0739    0.3753

36620
47.5265    0.0314    0.0016    0.0329    0.0571    0.3775

36640
49.4798    0.0232    0.0039    0.0593    0.1167    0.3881

36660
49.342    0.013    0.0019    0.0514    0.0915    0.4358

36680
48.3247    0.0103    0.0022    0.047    0.0698    0.3828

36700
50.1419    0.029    0.0022    0.0526    0.1249    0.5107

36720
50.0615    0.024    0.0018    0.0391    0.0799    0.3967

36740
51.8139    0.0186    0.002    0.0404    0.0762    0.3891

36760
48.4641    0.0329    0.0021    0.0479    0.0912    0.4265

36780
49.2164    0.0177    0.0017    0.043    0.099    0.4526

36800
48.8038    0.047    0.0018    0.0445    0.0699    0.3929

36820
49.0373    0.0124    0.0022    0.0479    0.0987    0.4656

36840
49.6212    0.0126    0.0017    0.0388    0.0683    0.3658

36860
47.9497    0.0665    0.0018    0.041    0.0643    0.3766

36880
49.6864    0.0334    0.0016    0.039    0.0788    0.4244

36900
49.2136    0.028    0.0023    0.0516    0.0872    0.4428

36920
48.1224    0.0227    0.0018    0.0701    0.1264    0.4052

36940
48.0444    0.0069    0.002    0.0507    0.1075    0.3762

36960
50.6574    0.0082    0.0018    0.0681    0.0607    0.3653

36980
47.991    0.0159    0.0017    0.0503    0.0754    0.4432

37000
49.1792    0.0723    0.0038    0.0292    0.0695    0.3411

37020
50.233    0.0483    0.0023    0.0467    0.1045    0.4566

37040
48.7107    0.0155    0.0038    0.0373    0.0737    0.4013

37060
49.2067    0.0194    0.0029    0.0482    0.0801    0.4582

37080
48.1203    0.0231    0.0022    0.0399    0.0928    0.4451

37100
48.4557    0.0082    0.0019    0.0351    0.0652    0.37

37120
48.4719    0.0145    0.0021    0.0451    0.0915    0.4327

37140
48.5187    0.024    0.002    0.0328    0.0593    0.3428

37160
48.3052    0.0105    0.0016    0.0406    0.1129    0.3897

37180
50.5802    0.0297    0.0017    0.0336    0.0537    0.3375

37200
49.2645    0.0181    0.0016    0.0524    0.1019    0.4309

37220
47.0512    0.018    0.0016    0.0447    0.0832    0.4087

37240
49.0586    0.0135    0.0018    0.0289    0.0688    0.3489

37260
50.3361    0.017    0.0015    0.0519    0.1077    0.4401

37280
51.3123    0.0087    0.0017    0.0483    0.1149    0.5114

37300
47.7907    0.016    0.0015    0.0627    0.2132    0.4724

37320
51.069    0.0094    0.0017    0.0594    0.1776    0.4147

37340
51.3887    0.0062    0.0015    0.0443    0.0889    0.4355

37360
48.6052    0.0098    0.0015    0.0621    0.1606    0.4196

37380
49.1733    0.0138    0.0016    0.0465    0.1093    0.4743

37400
49.3647    0.008    0.0015    0.0386    0.0642    0.4068

37420
50.5415    0.0256    0.0015    0.0567    0.1265    0.4494

37440
50.7863    0.0129    0.0016    0.0367    0.0584    0.3705

37460
48.9006    0.0153    0.0014    0.0484    0.1772    0.4537

37480
48.9147    0.031    0.0015    0.0368    0.0867    0.4106

37500
48.6829    0.0097    0.0015    0.0403    0.0902    0.4042

37520
48.8999    0.0106    0.0014    0.0391    0.0927    0.4246

37540
48.936    0.0208    0.0014    0.0469    0.099    0.4038

37560
47.7882    0.0123    0.0027    0.0396    0.0725    0.3875

37580
50.6715    0.0203    0.0019    0.0351    0.0683    0.39

37600
49.0839    0.0109    0.0019    0.048    0.1681    0.3734

37620
51.0267    0.0223    0.0017    0.0505    0.0913    0.4569

37640
48.1385    0.0164    0.0017    0.0401    0.067    0.3553

37660
50.9323    0.0082    0.0017    0.0554    0.1219    0.3952

37680
48.0922    0.0402    0.0021    0.061    0.0925    0.4864

37700
49.1112    0.0173    0.0017    0.0429    0.0843    0.4674

37720
48.8667    0.0098    0.0014    0.059    0.0812    0.4162

37740
49.9381    0.0103    0.0015    0.0529    0.0745    0.4148

37760
51.3825    0.0092    0.0015    0.0444    0.0786    0.3968

37780
51.5988    0.0073    0.0017    0.0701    0.113    0.5007

37800
49.6074    0.0076    0.0015    0.0442    0.1078    0.4258

37820
49.8377    0.0079    0.0014    0.0389    0.0956    0.4141

37840
48.933    0.0272    0.002    0.0415    0.0805    0.4211

37860
48.2236    0.0086    0.0017    0.046    0.0817    0.3929

37880
48.8249    0.0096    0.0016    0.038    0.057    0.3748

37900
47.7209    0.0264    0.0015    0.0372    0.0626    0.3716

37920
47.4059    0.0243    0.0014    0.0468    0.0797    0.4365

37940
47.5136    0.011    0.0015    0.061    0.0798    0.398

37960
50.2263    0.018    0.0015    0.0569    0.0788    0.395

37980
49.5649    0.0115    0.0014    0.0367    0.0786    0.4185

38000
48.8939    0.01    0.0014    0.0469    0.1248    0.3792

38020
49.0348    0.0465    0.0016    0.0488    0.095    0.4736

38040
49.1216    0.0399    0.0013    0.0442    0.0781    0.3969

38060
48.5105    0.0254    0.0015    0.0357    0.0914    0.4576

38080
48.7389    0.0211    0.0013    0.037    0.0707    0.4238

38100
47.8365    0.0225    0.0014    0.0427    0.0612    0.3576

38120
47.8841    0.1106    0.0015    0.0418    0.0861    0.4858

38140
46.7487    0.063    0.0014    0.0387    0.0898    0.4233

38160
48.0761    0.0598    0.0015    0.0465    0.0831    0.4143

38180
52.4503    0.0265    0.0015    0.0428    0.1021    0.3789

38200
47.4184    0.1018    0.0014    0.0395    0.0813    0.3923

38220
49.0213    0.1647    0.0013    0.0369    0.0636    0.3714

38240
49.6022    0.1039    0.0042    0.0851    0.0909    0.4405

38260
48.0253    0.2726    0.0028    0.047    0.0843    0.3985

38280
47.496    0.2253    0.0028    0.0442    0.0817    0.3906

38300
48.5712    0.18    0.0023    0.0436    0.0795    0.4035

38320
47.8061    0.1629    0.0019    0.0364    0.0625    0.3524

38340
45.6619    0.1586    0.0018    0.0371    0.0614    0.3861

38360
48.1338    0.143    0.002    0.0464    0.1204    0.4892

38380
49.0662    0.1298    0.0015    0.0464    0.1005    0.4524

38400
48.1712    0.1033    0.0015    0.0532    0.112    0.449

38420
48.3158    0.1179    0.0015    0.0476    0.0873    0.4244

38440
47.2658    0.1147    0.0015    0.0481    0.0752    0.4026

38460
48.3916    0.0992    0.0013    0.0361    0.0715    0.3964

38480
46.3015    0.1232    0.0013    0.0354    0.0712    0.3472

38500
48.2693    0.0803    0.0013    0.0437    0.0877    0.3818

38520
48.5657    0.0626    0.0014    0.0427    0.0831    0.4531

38540
46.9077    0.1103    0.0017    0.0299    0.0782    0.3721

38560
47.4572    0.0907    0.0014    0.0396    0.0803    0.4248

38580
51.1873    0.043    0.0014    0.0426    0.0688    0.3873

38600
50.9984    0.0439    0.0013    0.0423    0.0987    0.4371

38620
48.8223    0.0539    0.0015    0.0389    0.0658    0.3184

38640
45.7276    0.0434    0.0014    0.0521    0.0951    0.3639

38660
49.1396    0.0414    0.0013    0.0426    0.0835    0.385

