gen   disc_whole   disc_mask   l1_loss   ssim_loss   percep

10580
68.4808    0.0533    0    0.0547    0.1085    0.5802

10600
68.37    0.0505    0    0.1133    0.0983    0.532

10620
66.9245    0.0667    0    0.0824    0.1003    0.5386

10640
68.8964    0.0391    0    0.0843    0.1055    0.5588

10660
67.6349    0.0405    0    0.1151    0.0945    0.5325

10680
67.1149    0.0393    0    0.0488    0.1018    0.4883

10700
68.0733    0.0572    0    0.0857    0.1657    0.6461

10720
65.4227    0.0336    0    0.076    0.1301    0.6512

10740
65.2928    0.0632    0    0.0964    0.126    0.6952

10760
67.1106    0.0624    0    0.0792    0.1401    0.6319

10780
67.3139    0.0993    0    0.0947    0.139    0.6237

10800
65.2904    0.0519    0    0.0821    0.1125    0.5284

10820
67.7884    0.0525    0    0.0511    0.0927    0.5082

10840
67.3823    0.0486    0    0.0816    0.2255    0.6118

10860
67.1043    0.0855    0    0.0666    0.1451    0.5354

10880
67.0597    0.0624    0    0.0542    0.1303    0.5243

10900
68.0513    0.1365    0    0.0584    0.0998    0.5337

10920
69.2905    0.0929    0    0.0762    0.1095    0.5783

10940
64.2784    0.1277    0    0.086    0.1632    0.6028

10960
67.9261    0.2075    0    0.0842    0.1129    0.5697

10980
67.1149    0.1778    0    0.08    0.1845    0.5872

11000
65.8388    0.15    0    0.0663    0.1196    0.5828

11020
65.2305    0.1259    0    0.0644    0.1039    0.5551

11040
66.8055    0.1279    0    0.0675    0.1235    0.6084

11060
67.2682    0.11    0    0.0902    0.2292    0.5723

11080
68.8501    0.1025    0    0.0962    0.1129    0.5633

11100
65.8818    0.1101    0    0.0523    0.1107    0.5287

11120
67.075    0.0673    0    0.0811    0.1588    0.681

11140
67.2365    0.0756    0    0.0571    0.1069    0.5173

11160
67.7834    0.0589    0    0.0944    0.1238    0.6139

11180
68.9758    0.0644    0    0.0684    0.1313    0.5827

11200
65.5844    0.1053    0    0.0802    0.0936    0.5751

11220
66.4799    0.0708    0    0.0518    0.1116    0.5257

11240
67.5325    0.0615    0    0.0541    0.1079    0.5365

11260
66.0311    0.0693    0    0.0498    0.1036    0.5564

11280
67.0459    0.078    0    0.0528    0.0971    0.5487

11300
66.4951    0.0706    0    0.0631    0.1258    0.5368

11320
65.2872    0.0376    0    0.0443    0.1046    0.5015

11340
65.7521    0.0588    0    0.0683    0.1603    0.6157

11360
66.0173    0.0442    0    0.0531    0.1077    0.6211

11380
63.5452    0.1321    0    0.0537    0.0866    0.4886

11400
67.2929    0.0695    0    0.1249    0.2239    0.5688

11420
66.8031    0.0553    0    0.0812    0.1032    0.5221

11440
67.3929    0.1104    0    0.0872    0.1996    0.6149

11460
65.6079    0.0657    0    0.0464    0.0887    0.5061

11480
65.5581    0.1163    0    0.0562    0.0943    0.5341

11500
65.9692    0.0871    0    0.0504    0.0972    0.4974

11520
66.2207    0.0963    0    0.0978    0.1066    0.4593

11540
64.8271    0.1193    0    0.0646    0.1094    0.536

11560
65.3011    0.1156    0    0.0604    0.1059    0.5417

11580
68.7201    0.0945    0    0.0644    0.1248    0.5967

11600
65.6573    0.181    0    0.0865    0.1933    0.54

11620
64.8244    0.1692    0    0.0734    0.1058    0.5846

11640
65.5481    0.1948    0    0.0636    0.0871    0.5118

11660
64.5199    0.1978    0    0.0671    0.1304    0.5609

11680
67.1278    0.1851    0    0.0472    0.112    0.539

11700
65.826    0.1466    0    0.0732    0.1018    0.5511

11720
64.4213    0.1367    0    0.1157    0.1197    0.6268

11740
66.517    0.1571    0    0.0586    0.1062    0.554

11760
65.9379    0.1301    0    0.0717    0.1712    0.5604

11780
62.4896    0.0898    0    0.0735    0.0901    0.5605

11800
66.0098    0.1091    0    0.0568    0.1019    0.5137

11820
64.1    0.1067    0    0.0772    0.1055    0.5354

11840
64.3307    0.0762    0    0.0643    0.1085    0.5264

11860
65.8754    0.0724    0    0.0578    0.102    0.5632

11880
66.187    0.0652    0    0.0721    0.1112    0.5819

11900
66.7733    0.0983    0    0.054    0.1006    0.5066

11920
67.4746    0.0559    0    0.0789    0.1156    0.5911

11940
68.7242    0.0879    0    0.0742    0.1042    0.54

11960
68.7935    0.0615    0    0.0844    0.1735    0.5277

11980
68.2535    0.1113    0    0.0519    0.1124    0.5478

12000
64.0305    0.1212    0    0.062    0.1082    0.5154

12020
68.6226    0.0531    0    0.068    0.1235    0.5922

12040
65.2339    0.0651    0    0.0577    0.0821    0.4741

12060
68.375    0.0617    0    0.049    0.1073    0.5262

12080
63.3798    0.09    0    0.0694    0.1057    0.5667

12100
64.2711    0.0992    0    0.0675    0.1128    0.561

12120
65.998    0.0604    0    0.1033    0.2251    0.5809

12140
64.8203    0.1142    0    0.0566    0.1001    0.5584

12160
63.8522    0.1075    0    0.08    0.1309    0.52

12180
66.671    0.1453    0    0.0652    0.1055    0.5513

12200
67.2533    0.1505    0    0.0921    0.1416    0.6566

12220
65.0718    0.2623    0    0.0603    0.0987    0.5505

12240
64.9349    0.2139    0    0.0635    0.1288    0.5326

12260
66.832    0.149    0    0.0564    0.1145    0.5517

12280
66.2363    0.1437    0    0.0513    0.1244    0.6082

12300
64.2335    0.1289    0    0.0789    0.1492    0.6508

12320
64.3955    0.1249    0    0.0719    0.0906    0.5444

12340
64.4745    0.1016    0    0.062    0.129    0.5678

12360
65.8521    0.1198    0    0.0666    0.1277    0.5711

12380
66.9116    0.0702    0    0.0528    0.1435    0.5543

12400
64.1921    0.069    0    0.0659    0.101    0.6044

12420
65.6564    0.0803    0    0.0684    0.1179    0.5763

12440
62.7226    0.1237    0    0.062    0.0878    0.4826

12460
65.096    0.1108    0    0.0562    0.107    0.5455

12480
66.2477    0.1354    0    0.092    0.1528    0.6299

12500
66.6079    0.1117    0    0.0745    0.1286    0.5948

12520
64.9253    0.0956    0    0.0652    0.1031    0.5734

12540
65.8757    0.0938    0    0.0593    0.1249    0.4955

12560
66.0334    0.0678    0    0.0847    0.1059    0.5507

12580
64.7638    0.0561    0    0.064    0.0888    0.5022

12600
66.8864    0.0494    0    0.0685    0.1035    0.5206

12620
66.2754    0.0883    0    0.0427    0.0792    0.4811

12640
70.0913    0.0635    0    0.0671    0.0928    0.5562

12660
69.0899    0.0808    0    0.0483    0.0915    0.5109

12680
66.0977    0.119    0    0.0521    0.097    0.5566

12700
68.6033    0.0888    0    0.0524    0.0901    0.4898

12720
66.8039    0.0852    0    0.0993    0.2076    0.6077

12740
67.0089    0.0711    0    0.0887    0.2281    0.6349

12760
68.2092    0.0446    0    0.0851    0.1209    0.5649

12780
63.2193    0.0655    0    0.0746    0.0929    0.5659

12800
66.5561    0.0284    0    0.053    0.0996    0.541

12820
63.0296    0.0572    0    0.0424    0.0882    0.525

12840
64.463    0.0955    0    0.0786    0.094    0.5295

12860
67.0087    0.0771    0    0.0627    0.0806    0.4799

12880
65.1176    0.0757    0    0.0718    0.1351    0.5908

12900
66.3101    0.0658    0    0.0662    0.1167    0.6378

12920
65.8953    0.0682    0    0.0927    0.129    0.6235

12940
65.0368    0.0741    0    0.0635    0.1509    0.5586

12960
64.4283    0.0723    0    0.0537    0.0799    0.4936

12980
65.4564    0.0777    0    0.0847    0.1241    0.5941

13000
64.7491    0.0742    0    0.0449    0.0858    0.4777

13020
65.9568    0.0935    0    0.0699    0.105    0.5512

13040
67.0646    0.0696    0    0.0576    0.1184    0.5376

13060
65.5769    0.0672    0    0.0547    0.1135    0.523

13080
65.0674    0.0609    0    0.0891    0.1585    0.6268

13100
65.9453    0.0325    0    0.0657    0.1009    0.5375

13120
65.5176    0.041    0    0.0673    0.1028    0.5041

13140
66.2348    0.0514    0    0.0597    0.0873    0.519

13160
65.9778    0.0384    0    0.0779    0.084    0.526

13180
65.4412    0.0334    0    0.0796    0.1379    0.506

13200
62.4666    0.0436    0    0.0616    0.0947    0.5178

13220
64.1834    0.0607    0    0.0621    0.1121    0.5502

13240
66.1646    0.0464    0    0.1912    0.118    0.5909

13260
64.8968    0.0942    0    0.0878    0.2086    0.5665

13280
64.0781    0.0765    0    0.0637    0.0948    0.5762

13300
65.1549    0.0501    0    0.058    0.1098    0.5436

13320
65.4547    0.0907    0    0.0459    0.1087    0.5301

13340
63.0173    0.069    0    0.0611    0.1066    0.467

13360
65.5305    0.056    0    0.0643    0.1475    0.5817

13380
64.8146    0.0828    0    0.0848    0.1658    0.6628

13400
65.9412    0.0831    0    0.0685    0.1595    0.6504

13420
66.2572    0.0578    0    0.0586    0.0954    0.5599

13440
64.9252    0.0802    0    0.0663    0.0876    0.5403

13460
63.803    0.0536    0    0.0739    0.1573    0.5719

13480
64.6144    0.1256    0    0.0844    0.1254    0.6541

13500
65.1739    0.0529    0    0.0509    0.0927    0.5546

13520
63.5844    0.0429    0    0.0502    0.0866    0.4969

13540
67.5373    0.0454    0    0.1005    0.1745    0.5476

13560
65.9268    0.0647    0    0.0512    0.1216    0.5355

13580
64.5098    0.0706    0    0.0558    0.0805    0.5041

13600
67.5252    0.0496    0    0.0666    0.1015    0.605

13620
65.0454    0.1155    0    0.077    0.1593    0.5741

13640
63.9505    0.079    0    0.0688    0.0986    0.5529

13660
66.5224    0.0969    0    0.0738    0.1182    0.5064

13680
63.0408    0.1245    0    0.054    0.1083    0.5265

13700
64.5987    0.1043    0    0.0579    0.1457    0.5185

13720
66.4558    0.0653    0    0.0872    0.1684    0.6705

13740
66.1535    0.1006    0    0.0576    0.1059    0.5375

13760
63.883    0.1475    0    0.065    0.1236    0.561

13780
66.7413    0.1367    0    0.0565    0.1022    0.4962

13800
65.357    0.0777    0    0.0581    0.1092    0.5605

13820
64.14    0.1315    0    0.0766    0.1121    0.5774

13840
64.2858    0.1113    0    0.063    0.1152    0.5796

13860
64.8313    0.0701    0    0.0734    0.1145    0.5692

13880
64.1994    0.0475    0    0.0444    0.1095    0.5325

13900
63.8492    0.0513    0    0.0746    0.1207    0.5444

13920
65.1776    0.0784    0    0.0579    0.0823    0.5247

13940
66.6172    0.1098    0    0.045    0.1135    0.5529

13960
65.6014    0.1167    0    0.0412    0.1008    0.4649

13980
66.9564    0.077    0    0.0539    0.1077    0.5436

14000
65.9602    0.0649    0    0.0501    0.1275    0.5549

14020
66.0915    0.0374    0    0.069    0.1226    0.6172

14040
64.5348    0.0356    0    0.0648    0.0946    0.5247

14060
62.3761    0.0592    0    0.0461    0.0989    0.5221

