gen   disc_whole   disc_mask   l1_loss   ssim_loss   percep

45740
58.1409    0.0133    0.0007    0.0638    0.1165    0.5515

45760
59.0898    0.0289    0.0007    0.0575    0.1066    0.5419

45780
58.2846    0.0379    0.0007    0.0484    0.0815    0.4727

45800
60.7792    0.0279    0.0007    0.0412    0.1019    0.4584

45820
58.4225    0.0292    0.0006    0.0427    0.1019    0.5218

45840
59.6558    0.059    0.0007    0.0353    0.0828    0.4443

45860
59.6285    0.0295    0.0008    0.0607    0.1145    0.5233

45880
59.0098    0.0926    0.0006    0.0493    0.0875    0.5068

45900
59.5831    0.0469    0.0008    0.0517    0.089    0.5182

45920
59.4947    0.0344    0.0008    0.0496    0.1051    0.5574

45940
58.4123    0.1036    0.0011    0.0341    0.0677    0.4584

45960
60.0603    0.017    0.0007    0.047    0.1073    0.5365

45980
61.6839    0.1124    0.0008    0.0443    0.1085    0.4681

46000
59.9985    0.0635    0.0007    0.0539    0.0846    0.493

46020
60.5887    0.0345    0.0007    0.0606    0.1359    0.5419

46040
60.3077    0.0238    0.0007    0.0635    0.0728    0.448

46060
59.9231    0.0725    0.0006    0.0408    0.1    0.5293

46080
60.6924    0.0366    0.0006    0.0448    0.1078    0.5173

46100
61.6074    0.047    0.0007    0.0513    0.1083    0.4945

46120
59.663    0.0517    0.0007    0.0515    0.1116    0.5668

46140
59.886    0.0766    0.0007    0.0406    0.081    0.4664

46160
58.937    0.1127    0.0006    0.0464    0.1358    0.5368

46180
62.1512    0.043    0.0006    0.0372    0.092    0.4665

46200
62.8927    0.0602    0.0007    0.0588    0.1255    0.5099

46220
61.5865    0.0495    0.0007    0.0551    0.0985    0.5108

46240
61.0938    0.0473    0.0006    0.0637    0.093    0.5178

46260
60.6451    0.0295    0.0011    0.036    0.0742    0.4681

46280
57.4677    0.0314    0.0006    0.0524    0.1188    0.5517

46300
61.9651    0.0945    0.0006    0.0475    0.1119    0.5678

46320
58.6176    0.0571    0.0007    0.0423    0.1056    0.5459

46340
59.2269    0.0661    0.0009    0.0526    0.1078    0.5212

46360
58.6275    0.0432    0.0007    0.0445    0.103    0.5601

46380
60.8003    0.0508    0.0009    0.083    0.1353    0.6514

46400
59.7148    0.0433    0.0006    0.0471    0.086    0.5108

46420
60.3314    0.0547    0.0007    0.0441    0.0931    0.5304

46440
59.7165    0.0481    0.0007    0.0437    0.0861    0.4814

46460
58.523    0.0377    0.0006    0.0391    0.0901    0.5003

46480
60.2833    0.0672    0.0006    0.0506    0.1341    0.5283

46500
59.591    0.0677    0.0006    0.0722    0.1709    0.4847

46520
60.7642    0.0423    0.0006    0.0477    0.0824    0.4851

46540
59.5246    0.0635    0.0006    0.0481    0.0899    0.5565

46560
59.1185    0.0402    0.0006    0.0382    0.0864    0.4923

46580
58.8409    0.1488    0.0006    0.0438    0.1049    0.5144

46600
57.7892    0.1654    0.0005    0.04    0.0835    0.494

46620
59.5768    0.1422    0.0006    0.0445    0.0958    0.508

46640
57.4552    0.0914    0.0006    0.0391    0.081    0.4746

46660
58.2521    0.118    0.0005    0.035    0.0744    0.469

46680
59.6818    0.1063    0.0006    0.0418    0.0836    0.5134

46700
56.6134    0.1096    0.0006    0.0385    0.0911    0.4871

46720
61.1193    0.0645    0.0006    0.0567    0.1101    0.4753

46740
60.4732    0.0693    0.0006    0.0332    0.0663    0.4035

46760
59.5639    0.0452    0.0006    0.0453    0.1085    0.5393

46780
57.8717    0.1699    0.0005    0.0407    0.0748    0.4864

46800
60.6081    0.0892    0.0261    0.0397    0.0819    0.4775

46820
60.7013    0.0436    0.0164    0.0539    0.1064    0.5657

46840
56.9099    0.015    0.0032    0.0575    0.0672    0.4336

46860
56.6891    0.0545    0.0025    0.0454    0.0798    0.4521

46880
60.1211    0.1119    0.0035    0.0425    0.0883    0.5097

46900
61.9114    0.1086    0.0028    0.0618    0.1959    0.5145

46920
60.3033    0.0555    0.0022    0.0469    0.0817    0.4954

46940
59.3928    0.0612    0.0031    0.0541    0.1706    0.5328

46960
58.8508    0.0447    0.0016    0.0557    0.1454    0.5604

46980
62.5693    0.0377    0.0014    0.0428    0.0964    0.5547

47000
59.4017    0.0286    0.0012    0.0381    0.0801    0.4468

47020
61.4646    0.0153    0.001    0.0569    0.129    0.5444

47040
58.3818    0.0481    0.001    0.0414    0.0896    0.5422

47060
60.4492    0.0356    0.0009    0.0392    0.0809    0.4763

47080
61.1233    0.0305    0.0008    0.0595    0.1036    0.5014

47100
59.2437    0.0103    0.0008    0.0373    0.0894    0.4675

47120
61.163    0.0111    0.001    0.0592    0.1209    0.4776

47140
60.2231    0.0175    0.0008    0.0563    0.1072    0.5406

47160
59.6838    0.035    0.0007    0.0348    0.0797    0.4946

47180
60.0291    0.0094    0.0008    0.0515    0.0818    0.4915

47200
60.4694    0.0165    0.0012    0.0511    0.1153    0.5408

47220
62.0519    0.0285    0.0021    0.0433    0.1    0.5318

47240
58.2745    0.013    0.0009    0.042    0.076    0.4553

47260
60.7317    0.0123    0.001    0.0447    0.0854    0.5041

47280
59.6564    0.0224    0.0008    0.0408    0.1048    0.5116

47300
59.0455    0.0852    0.0008    0.0347    0.0878    0.4618

47320
59.2794    0.0392    0.0008    0.0438    0.1266    0.5341

47340
58.7027    0.0545    0.0021    0.0341    0.0894    0.463

47360
62.0144    0.0246    0.0008    0.0592    0.1756    0.534

47380
59.1798    0.0644    0.0009    0.0412    0.0761    0.4989

47400
59.3564    0.116    0.001    0.0473    0.1004    0.5499

47420
60.1313    0.192    0.0011    0.0451    0.091    0.4866

47440
59.6595    0.3134    0.0008    0.0655    0.1524    0.63

47460
61.0224    0.2671    0.0009    0.0375    0.1057    0.5056

47480
59.5794    0.1871    0.0007    0.0505    0.1599    0.5419

47500
60.0815    0.1946    0.0008    0.0419    0.1118    0.4702

47520
58.0196    0.1699    0.0008    0.0432    0.101    0.5363

47540
59.4246    0.1576    0.0007    0.0396    0.1492    0.5074

47560
59.1309    0.1758    0.0007    0.0356    0.1006    0.4689

47580
58.7165    0.1769    0.0006    0.0499    0.0997    0.5609

47600
59.072    0.1582    0.0007    0.0416    0.086    0.4633

47620
58.1805    0.1399    0.0007    0.0506    0.0976    0.5701

47640
55.7824    0.1334    0.0006    0.0448    0.083    0.4582

47660
59.0344    0.1259    0.0006    0.0401    0.1189    0.486

47680
58.6765    0.1081    0.0005    0.0402    0.0894    0.4714

47700
59.2838    0.0852    0.0006    0.0474    0.0952    0.5537

47720
58.3351    0.1147    0.0007    0.051    0.1102    0.4985

47740
58.6745    0.094    0.0006    0.0447    0.108    0.545

47760
59.3383    0.0652    0.0021    0.0433    0.0924    0.5038

47780
61.0288    0.0716    0.0009    0.0577    0.0999    0.5072

47800
58.9878    0.0512    0.0009    0.0514    0.1322    0.4813

47820
58.9991    0.0683    0.0009    0.0354    0.0837    0.4889

47840
60.5386    0.0523    0.0011    0.0428    0.0972    0.5539

47860
60.0979    0.0607    0.0007    0.0441    0.1014    0.5279

47880
59.4042    0.0845    0.001    0.0702    0.0835    0.4961

47900
60.1369    0.0448    0.0006    0.05    0.0854    0.5022

47920
59.4417    0.0736    0.0007    0.0497    0.0955    0.5554

47940
60.4099    0.1018    0.0006    0.0396    0.1044    0.4802

47960
59.4943    0.0567    0.0006    0.0511    0.1091    0.567

47980
58.1997    0.0583    0.0019    0.0537    0.0894    0.5024

48000
60.1762    0.0468    0.0007    0.0745    0.1112    0.5587

48020
60.7738    0.0258    0.0007    0.0446    0.1036    0.5059

48040
59.5662    0.0124    0.0007    0.069    0.0992    0.5268

48060
58.202    0.0635    0.0008    0.0522    0.1392    0.5425

48080
58.9842    0.0251    0.0007    0.057    0.1472    0.5149

48100
59.7412    0.0221    0.0007    0.044    0.1223    0.48

48120
59.3136    0.0097    0.0006    0.0511    0.1131    0.5181

48140
60.978    0.0399    0.0006    0.0437    0.0784    0.5185

48160
60.3265    0.0453    0.0006    0.0531    0.0849    0.5166

48180
60.2628    0.0279    0.0005    0.0499    0.1351    0.5813

48200
62.161    0.0176    0.0005    0.0443    0.1005    0.4934

48220
60.6074    0.0481    0.0005    0.0439    0.0937    0.5278

48240
58.7186    0.0146    0.0005    0.0419    0.0815    0.4789

48260
60.2022    0.0144    0.0005    0.041    0.0833    0.4835

48280
59.3185    0.0309    0.0005    0.0672    0.091    0.5284

48300
59.1374    0.0352    0.0005    0.0554    0.1357    0.5469

48320
60.9551    0.0423    0.0005    0.0462    0.0965    0.5562

48340
60.1461    0.0173    0.0005    0.0381    0.0942    0.4695

48360
59.3916    0.0388    0.0006    0.0417    0.1013    0.4981

48380
58.9456    0.0137    0.0006    0.0492    0.099    0.5417

48400
59.505    0.0358    0.0005    0.045    0.0978    0.5242

48420
58.1537    0.0168    0.0005    0.0381    0.0678    0.4558

48440
59.9726    0.0292    0.0007    0.0878    0.1413    0.5472

48460
60.6224    0.0271    0.0005    0.046    0.1    0.4934

48480
61.6283    0.0189    0.0005    0.0504    0.1206    0.5375

48500
59.1696    0.0223    0.0007    0.0483    0.0891    0.5067

48520
59.6604    0.0264    0.0005    0.0608    0.0942    0.5513

48540
59.4353    0.0168    0.0007    0.0527    0.1005    0.5514

48560
61.9045    0.0086    0.0006    0.0638    0.1482    0.5311

48580
61.0729    0.0142    0.0005    0.0406    0.0993    0.5063

48600
58.8851    0.0485    0.0005    0.0436    0.098    0.5208

48620
59.4374    0.0257    0.0005    0.0399    0.0845    0.4824

48640
58.5966    0.0609    0.0005    0.0433    0.0979    0.4795

48660
59.7123    0.0199    0.0005    0.0447    0.0995    0.5214

48680
59.7125    0.024    0.0006    0.0385    0.1048    0.5136

48700
61.7822    0.0168    0.0005    0.0525    0.0893    0.5565

48720
60.5059    0.0199    0.0005    0.0394    0.0907    0.4361

48740
60.3323    0.0172    0.0005    0.0522    0.119    0.5171

48760
60.5053    0.026    0.0005    0.0395    0.0866    0.4617

48780
58.2847    0.0123    0.0005    0.0398    0.0894    0.4507

48800
59.2849    0.0178    0.0005    0.0445    0.0938    0.5503

48820
61.0057    0.0236    0.0004    0.0499    0.0864    0.5098

48840
58.1348    0.0197    0.0014    0.0416    0.0915    0.5006

48860
59.9671    0.014    0.0005    0.041    0.0894    0.474

48880
60.0683    0.0412    0.0006    0.0379    0.0761    0.4656

48900
60.5052    0.0168    0.0006    0.0414    0.1043    0.5038

48920
61.8311    0.0165    0.0006    0.0755    0.117    0.6018

48940
60.0804    0.0129    0.0007    0.0444    0.0939    0.5033

48960
59.1302    0.054    0.0006    0.0397    0.0819    0.4541

48980
60.3805    0.1038    0.0007    0.0395    0.0843    0.472

49000
59.264    0.0221    0.0005    0.0439    0.1025    0.5288

49020
59.7123    0.0273    0.0005    0.0535    0.1144    0.4384

49040
58.8724    0.0299    0.0005    0.05    0.0813    0.4831

49060
60.8141    0.0499    0.0005    0.0403    0.1006    0.5222

49080
57.2107    0.0413    0.0005    0.047    0.0828    0.4593

49100
60.7529    0.008    0.0007    0.0495    0.0869    0.5081

49120
60.8344    0.0227    0.0007    0.0451    0.0863    0.4991

49140
59.5783    0.0387    0.0007    0.0393    0.0739    0.4598

49160
59.1752    0.0493    0.0004    0.0401    0.0868    0.4596

49180
60.9333    0.0568    0.0005    0.0843    0.2785    0.5916

49200
61.255    0.1551    0.0005    0.0531    0.097    0.5622

49220
58.6426    0.203    0.0008    0.0533    0.1178    0.5229

