gen   disc_whole   disc_mask   l1_loss   ssim_loss   percep

31680
62.0112    0.0495    0.0054    0.0706    0.0981    0.513

31700
61.5038    0.0343    0.0051    0.0429    0.0796    0.4569

31720
62.5712    0.0212    0.0044    0.054    0.0901    0.5428

31740
60.1428    0.0111    0.0046    0.0403    0.0905    0.4777

31760
61.8376    0.0427    0.0054    0.0609    0.0977    0.5139

31780
61.0691    0.0337    0.0049    0.0663    0.0901    0.5261

31800
62.2884    0.0131    0.0157    0.0644    0.1145    0.6173

31820
65.1831    0.0693    0.0092    0.048    0.1189    0.5331

31840
62.3307    0.0471    0.009    0.0552    0.1293    0.6355

31860
62.8416    0.035    0.0061    0.1478    0.1183    0.5929

31880
59.7356    0.1077    0.0054    0.0505    0.1285    0.5364

31900
61.1271    0.0828    0.0053    0.0486    0.1063    0.5565

31920
62.7482    0.0795    0.0059    0.0782    0.1068    0.557

31940
63.784    0.1572    0.0053    0.0457    0.0913    0.5299

31960
61.056    0.1007    0.0045    0.0545    0.1346    0.5626

31980
60.6731    0.0614    0.0057    0.0456    0.1097    0.523

32000
60.8392    0.0637    0.0046    0.0439    0.0793    0.4966

32020
61.7479    0.0496    0.0038    0.0441    0.091    0.5171

32040
62.3076    0.0279    0.005    0.0505    0.1121    0.5785

32060
59.6847    0.0755    0.0044    0.0498    0.0987    0.5272

32080
62.0233    0.0303    0.0042    0.0652    0.1091    0.5431

32100
60.0488    0.0342    0.0038    0.0372    0.0622    0.4337

32120
61.7969    0.0441    0.0036    0.0467    0.0863    0.5094

32140
61.4508    0.0234    0.0037    0.0422    0.0908    0.5407

32160
60.8793    0.0245    0.0034    0.0383    0.107    0.5138

32180
58.6975    0.0324    0.0046    0.038    0.1196    0.4622

32200
61.7106    0.0108    0.0038    0.0551    0.1168    0.5683

32220
58.7737    0.0341    0.0035    0.0383    0.0767    0.468

32240
62.7636    0.0493    0.004    0.0424    0.0963    0.4932

32260
60.7196    0.1345    0.0057    0.0529    0.1059    0.518

32280
61.1942    0.1427    0.0039    0.0495    0.1245    0.5318

32300
61.5506    0.1379    0.0081    0.0533    0.1087    0.5856

32320
61.6616    0.1649    0.0043    0.049    0.1006    0.4974

32340
58.2244    0.1982    0.0043    0.0578    0.1034    0.5811

32360
61.4703    0.1849    0.0055    0.0467    0.094    0.55

32380
58.6635    0.1269    0.0075    0.0376    0.0944    0.4827

32400
59.633    0.1375    0.006    0.0501    0.0973    0.455

32420
61.4006    0.088    0.0053    0.0637    0.1336    0.5663

32440
63.6388    0.0663    0.0046    0.0453    0.085    0.4914

32460
63.0315    0.0507    0.0044    0.0541    0.1124    0.5812

32480
58.8801    0.08    0.004    0.0585    0.0994    0.5353

32500
61.4311    0.0718    0.0039    0.0644    0.1272    0.5957

32520
62.0909    0.0679    0.0036    0.0422    0.101    0.5201

32540
60.4912    0.1039    0.0033    0.0428    0.1014    0.5229

32560
62.2846    0.0799    0.0038    0.0483    0.0854    0.5012

32580
62.8878    0.0522    0.0034    0.0551    0.1047    0.508

32600
59.8223    0.057    0.0038    0.0486    0.1022    0.5535

32620
61.4689    0.0802    0.0041    0.0497    0.0915    0.5132

32640
60.7842    0.0788    0.0036    0.0507    0.1034    0.4916

32660
60.3334    0.0868    0.0033    0.058    0.1194    0.5803

32680
61.8773    0.0642    0.0032    0.0555    0.1656    0.5212

32700
60.5413    0.0551    0.0087    0.0656    0.1982    0.5896

32720
60.6008    0.0537    0.0042    0.0434    0.1004    0.5133

32740
59.7499    0.0611    0.005    0.0531    0.1261    0.5561

32760
60.6074    0.0294    0.0048    0.0726    0.0974    0.5191

32780
59.7702    0.0259    0.0041    0.059    0.0978    0.5268

32800
61.4972    0.0144    0.0039    0.0514    0.0946    0.5174

32820
61.0711    0.0841    0.0041    0.0432    0.0724    0.486

32840
61.032    0.0445    0.004    0.0458    0.0975    0.5076

32860
61.7196    0.043    0.0036    0.0577    0.1248    0.5876

32880
60.9039    0.0606    0.0034    0.0617    0.0881    0.4764

32900
64.3126    0.0322    0.0032    0.0401    0.0898    0.5063

32920
59.9263    0.0472    0.0031    0.0449    0.1001    0.5142

32940
60.4085    0.0246    0.0033    0.0629    0.1706    0.5711

32960
62.3208    0.0099    0.0034    0.0484    0.0886    0.4893

32980
61.9121    0.0375    0.003    0.0415    0.0941    0.4986

33000
60.6815    0.0608    0.0039    0.0578    0.1218    0.5804

33020
60.6315    0.0507    0.0032    0.0555    0.1242    0.5399

33040
60.9809    0.0428    0.003    0.0561    0.1165    0.5275

33060
60.5295    0.0539    0.0039    0.0652    0.1218    0.5857

33080
60.542    0.0235    0.0029    0.0665    0.1349    0.5696

33100
62.8291    0.0711    0.0034    0.0707    0.1875    0.6043

33120
61.9602    0.0563    0.003    0.0432    0.1035    0.5312

33140
58.9759    0.0719    0.0028    0.0398    0.1242    0.4417

33160
61.265    0.0368    0.0044    0.0492    0.0987    0.5378

33180
59.5357    0.0222    0.0031    0.0417    0.1145    0.5037

33200
62.4539    0.0251    0.0036    0.0965    0.256    0.4758

33220
63.5278    0.0628    0.0036    0.0482    0.1102    0.5207

33240
59.9186    0.0897    0.0034    0.0639    0.1197    0.6004

33260
60.3189    0.0526    0.0035    0.0554    0.1347    0.5407

33280
59.8622    0.0461    0.0029    0.0589    0.1406    0.524

33300
61.1459    0.0284    0.0032    0.0487    0.1269    0.5792

33320
61.0737    0.0494    0.003    0.0591    0.1426    0.5909

33340
59.7385    0.0377    0.003    0.0481    0.0963    0.4738

33360
62.0563    0.0152    0.0032    0.0664    0.1048    0.5004

33380
60.4197    0.0276    0.0027    0.0469    0.0982    0.5082

33400
59.4207    0.0702    0.0033    0.0432    0.0838    0.4505

33420
61.2643    0.0705    0.0028    0.0429    0.1098    0.6165

33440
61.6149    0.0885    0.0029    0.0596    0.1166    0.5876

33460
62.744    0.0689    0.003    0.0538    0.1086    0.5572

33480
61.5813    0.0878    0.0028    0.0511    0.0909    0.5291

33500
59.791    0.0301    0.0027    0.0408    0.0976    0.4985

33520
60.0781    0.0152    0.0027    0.0501    0.0979    0.4991

33540
57.4673    0.0265    0.003    0.0489    0.089    0.5006

33560
62.4295    0.0484    0.0058    0.0537    0.0913    0.5405

33580
60.0307    0.0451    0.0041    0.0556    0.0891    0.4795

33600
62.3695    0.0458    0.0042    0.07    0.1083    0.6102

33620
61.2893    0.0267    0.0034    0.0609    0.12    0.5733

33640
63.8593    0.0281    0.0039    0.0485    0.0979    0.5108

33660
61.5178    0.0229    0.0034    0.0531    0.0955    0.532

33680
60.5413    0.0159    0.0032    0.0451    0.0685    0.4597

33700
60.79    0.0345    0.0027    0.0729    0.1236    0.5685

33720
62.5264    0.0221    0.0036    0.0999    0.1808    0.571

33740
62.1164    0.0185    0.0029    0.0499    0.1037    0.5308

33760
61.1607    0.0151    0.0033    0.0387    0.0862    0.4761

33780
61.546    0.0647    0.0028    0.0414    0.0922    0.4716

33800
60.9829    0.0469    0.0027    0.0578    0.0921    0.4593

33820
60.1291    0.1037    0.0028    0.0462    0.0993    0.4966

33840
59.9378    0.0545    0.0034    0.0478    0.092    0.5329

33860
60.7824    0.0657    0.0025    0.0414    0.0998    0.5253

33880
60.0224    0.0313    0.0027    0.0405    0.0752    0.4945

33900
61.797    0.0378    0.0027    0.0539    0.1091    0.5587

33920
60.8043    0.0359    0.0025    0.0568    0.1061    0.529

33940
60.6551    0.0763    0.0031    0.1011    0.0911    0.5177

33960
60.7427    0.0341    0.0026    0.0411    0.0742    0.4607

33980
60.0583    0.071    0.0025    0.0436    0.0885    0.5038

34000
61.6684    0.0227    0.0026    0.0558    0.0845    0.4928

34020
61.6003    0.0344    0.0026    0.0412    0.0899    0.5343

34040
62.1003    0.0495    0.0026    0.054    0.0999    0.5655

34060
61.056    0.1074    0.0025    0.0662    0.1006    0.5702

34080
62.6686    0.287    0.0087    0.0655    0.1523    0.6075

34100
60.7972    0.1262    0.0045    0.0439    0.0904    0.5491

34120
61.1024    0.2377    0.0048    0.0369    0.0694    0.4366

34140
62.4219    0.1731    0.0047    0.0508    0.1326    0.5501

34160
59.9071    0.146    0.0034    0.0406    0.1052    0.5301

34180
56.9205    0.1753    0.0035    0.0456    0.0917    0.5567

34200
59.6779    0.1303    0.003    0.043    0.1038    0.5134

34220
60.945    0.1526    0.0028    0.0422    0.095    0.5342

34240
60.6753    0.1431    0.0027    0.0481    0.0814    0.5256

34260
58.3757    0.09    0.0026    0.0597    0.108    0.5078

34280
60.1739    0.1094    0.0028    0.0408    0.0915    0.4877

34300
61.1479    0.0696    0.0026    0.0495    0.0874    0.4809

34320
58.9078    0.0781    0.0024    0.0452    0.091    0.5129

34340
60.802    0.056    0.0024    0.0379    0.0764    0.4476

34360
62.9787    0.0389    0.0042    0.0545    0.0943    0.4942

34380
60.6375    0.0944    0.0026    0.0368    0.0731    0.4557

34400
60.6034    0.0777    0.0025    0.0438    0.0888    0.5332

34420
61.0643    0.0757    0.0027    0.0479    0.1125    0.5775

34440
61.4393    0.0383    0.0027    0.0498    0.1161    0.5435

34460
62.9982    0.0144    0.0024    0.0464    0.0937    0.5015

34480
63.5266    0.0461    0.0027    0.0458    0.1057    0.5081

34500
59.2105    0.1058    0.0024    0.0371    0.0819    0.4862

34520
59.7049    0.033    0.005    0.0464    0.0928    0.5203

34540
58.8291    0.0904    0.003    0.0409    0.0909    0.4942

34560
59.4429    0.1637    0.0028    0.0496    0.1034    0.5179

34580
58.9876    0.1248    0.0025    0.0411    0.1145    0.5

34600
60.9549    0.099    0.0026    0.0555    0.0977    0.5177

34620
63.2848    0.0706    0.0026    0.0518    0.1121    0.5839

34640
60.9899    0.1232    0.0026    0.0503    0.1129    0.5437

34660
58.2605    0.126    0.0028    0.0448    0.1056    0.5351

34680
59.3364    0.0493    0.0024    0.0393    0.0947    0.4929

34700
59.5888    0.0429    0.0024    0.0386    0.0737    0.4374

34720
61.198    0.0293    0.0025    0.0596    0.1082    0.5355

34740
63.558    0.0301    0.0023    0.0437    0.0948    0.5186

34760
62.1554    0.0264    0.0022    0.052    0.108    0.5661

34780
62.7034    0.0294    0.0026    0.0496    0.1143    0.4816

34800
60.5103    0.0236    0.0023    0.053    0.0991    0.5303

34820
58.6388    0.046    0.0027    0.0418    0.096    0.5003

34840
60.3955    0.0369    0.0024    0.0682    0.1313    0.5063

34860
61.6151    0.0293    0.0063    0.0525    0.0857    0.4778

34880
59.2496    0.1651    0.0067    0.0371    0.091    0.4666

34900
60.8493    0.0945    0.0044    0.045    0.0999    0.5658

34920
59.3808    0.2691    0.0066    0.043    0.1069    0.5041

34940
61.3996    0.164    0.0037    0.0725    0.1075    0.571

34960
59.818    0.1622    0.0035    0.0543    0.1004    0.5461

34980
60.4243    0.1727    0.0028    0.0357    0.0853    0.4869

35000
61.3178    0.1456    0.0025    0.0361    0.0752    0.4565

35020
58.4785    0.109    0.0026    0.0496    0.104    0.5485

35040
61.0471    0.0864    0.0024    0.0553    0.1031    0.545

35060
62.077    0.0877    0.0027    0.0544    0.1139    0.5224

35080
58.2353    0.0726    0.0028    0.0515    0.1075    0.4939

35100
60.9194    0.0767    0.0024    0.0692    0.1626    0.6008

35120
61.5027    0.042    0.0022    0.0481    0.0732    0.4125

35140
60.9429    0.0733    0.0024    0.0418    0.0794    0.4865

