gen   disc_whole   disc_mask   l1_loss   ssim_loss   percep

24640
63.0149    0.0751    0.0832    0.0452    0.1119    0.5343

24660
63.05    0.0336    0.0628    0.0658    0.1117    0.5636

24680
64.9541    0.0299    0.0569    0.045    0.1029    0.5219

24700
61.2617    0.056    0.0588    0.0423    0.0764    0.4514

24720
60.8237    0.1088    0.0526    0.0357    0.072    0.4696

24740
60.1556    0.1715    0.0516    0.0507    0.1195    0.5245

24760
62.552    0.0845    0.0495    0.0629    0.1092    0.5779

24780
61.8389    0.1006    0.0578    0.0601    0.1001    0.4908

24800
61.5094    0.0783    0.0601    0.0473    0.0987    0.463

24820
61.2627    0.0309    0.05    0.0529    0.1034    0.5195

24840
61.3018    0.0905    0.0562    0.0639    0.1268    0.6311

24860
61.5103    0.0543    0.0473    0.0495    0.0806    0.4755

24880
61.9203    0.0621    0.0496    0.0557    0.1048    0.4953

24900
60.1528    0.0701    0.0437    0.0657    0.1159    0.5514

24920
62.7227    0.0341    0.0451    0.0714    0.0928    0.4744

24940
62.2646    0.0594    0.0602    0.0553    0.1028    0.547

24960
62.9082    0.0447    0.0454    0.044    0.0849    0.5181

24980
62.6153    0.0549    0.0458    0.0663    0.1487    0.6519

25000
64.0696    0.0498    0.0501    0.0495    0.1248    0.5021

25020
60.8493    0.0299    0.0519    0.0592    0.1105    0.5486

25040
65.6352    0.0446    0.0425    0.0538    0.117    0.6105

25060
62.0392    0.0302    0.0443    0.0604    0.11    0.5965

25080
59.6221    0.0452    0.0461    0.0564    0.1046    0.5051

25100
61.0983    0.0549    0.0415    0.0434    0.0945    0.4934

25120
62.3472    0.0246    0.04    0.0464    0.0866    0.5206

25140
61.5971    0.0899    0.0419    0.0702    0.1021    0.5815

25160
64.2218    0.1293    0.0396    0.0582    0.0925    0.5291

25180
61.8165    0.1525    0.0376    0.0443    0.0979    0.5593

25200
62.2763    0.1243    0.0346    0.0783    0.0958    0.5407

25220
59.9488    0.1176    0.0329    0.0731    0.0924    0.4678

25240
60.247    0.1339    0.0354    0.0658    0.1518    0.551

25260
61.8316    0.1253    0.0325    0.0432    0.0961    0.496

25280
61.4407    0.1324    0.0379    0.0447    0.0926    0.4905

25300
63.6912    0.1043    0.0345    0.061    0.0908    0.4982

25320
61.7405    0.0853    0.0381    0.0558    0.083    0.4633

25340
63.917    0.0948    0.0322    0.0541    0.1052    0.552

25360
64.1712    0.0439    0.0424    0.054    0.109    0.5569

25380
62.6397    0.0562    0.0332    0.0625    0.1028    0.5096

25400
63.1739    0.037    0.0313    0.0618    0.1053    0.5967

25420
63.3573    0.0649    0.0314    0.0578    0.1392    0.5692

25440
62.5278    0.0518    0.0336    0.0412    0.1027    0.5005

25460
61.4296    0.03    0.0329    0.0387    0.0782    0.4604

25480
63.1174    0.0292    0.0307    0.0569    0.0897    0.5554

25500
63.0344    0.0488    0.0289    0.0454    0.0984    0.5045

25520
60.8675    0.0743    0.0291    0.0358    0.0829    0.4774

25540
62.9364    0.0361    0.0272    0.0497    0.1104    0.5665

25560
59.1998    0.026    0.0285    0.0434    0.0756    0.4964

25580
62.2298    0.074    0.027    0.0435    0.0808    0.4906

25600
62.1046    0.163    0.0258    0.0566    0.1084    0.5596

25620
61.6071    0.0648    0.0287    0.0439    0.0717    0.4736

25640
62.4075    0.0802    0.031    0.0467    0.1262    0.5797

25660
60.7184    0.0534    0.0242    0.0722    0.1475    0.4925

25680
62.339    0.1413    0.0284    0.0656    0.118    0.5125

25700
61.6996    0.0788    0.0246    0.0456    0.0954    0.5596

25720
61.9667    0.1474    0.0245    0.0616    0.1515    0.5628

25740
62.0519    0.0792    0.0262    0.0598    0.1225    0.5417

25760
64.8535    0.0689    0.023    0.0405    0.0877    0.5145

25780
62.1189    0.0541    0.0214    0.0513    0.1121    0.5184

25800
62.6461    0.0346    0.0261    0.0606    0.132    0.6282

25820
63.4521    0.0486    0.0259    0.0567    0.0936    0.5414

25840
62.5621    0.0605    0.0252    0.0725    0.0902    0.5457

25860
63.3753    0.0646    0.0261    0.0621    0.1236    0.6002

25880
61.6101    0.0621    0.0238    0.0409    0.078    0.4722

25900
62.1296    0.1024    0.024    0.0473    0.0784    0.4749

25920
61.7571    0.0363    0.0227    0.0642    0.1204    0.5843

25940
62.6047    0.0887    0.0242    0.08    0.1752    0.4817

25960
61.3324    0.0637    0.0206    0.0458    0.0908    0.471

25980
62.4961    0.0806    0.0205    0.0573    0.1195    0.5676

26000
60.6415    0.0429    0.0209    0.0362    0.0797    0.4607

26020
63.473    0.0435    0.0213    0.0519    0.0912    0.5064

26040
62.7359    0.0688    0.0216    0.0547    0.0948    0.5334

26060
61.77    0.1034    0.019    0.041    0.0954    0.4807

26080
62.3276    0.0428    0.0409    0.1004    0.2633    0.5584

26100
64.353    0.0644    0.0349    0.093    0.1707    0.5966

26120
61.3124    0.0574    0.0371    0.0602    0.1037    0.5466

26140
62.2304    0.0214    0.0231    0.0649    0.1061    0.5466

26160
61.8921    0.0538    0.0272    0.0532    0.1066    0.593

26180
61.7947    0.0405    0.0201    0.0443    0.089    0.4794

26200
62.9216    0.0915    0.0413    0.0651    0.1109    0.5787

26220
62.5303    0.0485    0.0248    0.0499    0.0916    0.5378

26240
60.7805    0.1087    0.0236    0.0387    0.0894    0.4997

26260
60.6268    0.0436    0.0287    0.0478    0.1116    0.5287

26280
62.458    0.0723    0.0228    0.0678    0.1225    0.6277

26300
62.3066    0.1061    0.024    0.0633    0.0964    0.4968

26320
62.2857    0.06    0.0204    0.059    0.096    0.5242

26340
59.2549    0.022    0.0194    0.0429    0.1032    0.5231

26360
62.5394    0.0476    0.0207    0.0491    0.1023    0.5774

26380
63.1507    0.0335    0.0186    0.045    0.1121    0.51

26400
61.1418    0.0564    0.0186    0.0586    0.1328    0.5911

26420
61.8662    0.0701    0.0222    0.0477    0.081    0.4672

26440
62.5264    0.0609    0.018    0.0488    0.1073    0.5461

26460
61.9238    0.0751    0.0247    0.0513    0.1397    0.544

26480
63.4422    0.05    0.0202    0.0537    0.0791    0.4793

26500
59.5915    0.0669    0.0176    0.0703    0.1151    0.5743

26520
62.7434    0.1385    0.0168    0.0489    0.1242    0.5686

26540
62.7829    0.1362    0.018    0.0533    0.1087    0.5473

26560
59.2234    0.1364    0.0153    0.0443    0.0871    0.5104

26580
63.3582    0.1606    0.0249    0.0827    0.1047    0.6245

26600
61.806    0.0735    0.0189    0.0476    0.118    0.5049

26620
62.8254    0.1275    0.0194    0.0425    0.0885    0.4939

26640
61.791    0.1167    0.0164    0.0507    0.1144    0.5354

26660
64.5202    0.0841    0.0184    0.0915    0.1143    0.5384

26680
60.3139    0.0521    0.0144    0.0513    0.1028    0.5143

26700
63.4234    0.1104    0.0156    0.0526    0.1072    0.5427

26720
63.1173    0.0508    0.0181    0.0507    0.1046    0.5408

26740
64.9408    0.0435    0.0159    0.0632    0.1421    0.6281

26760
63.9734    0.0803    0.0203    0.0475    0.1055    0.5618

26780
62.9249    0.0475    0.0197    0.0652    0.1169    0.5907

26800
62.3745    0.0444    0.0161    0.0551    0.1039    0.5849

26820
60.1318    0.0338    0.0162    0.0527    0.1123    0.5079

26840
60.6522    0.0599    0.0164    0.0437    0.09    0.5091

26860
60.3589    0.0304    0.0132    0.0497    0.0964    0.5559

26880
60.4695    0.0148    0.0141    0.0568    0.1099    0.5041

26900
62.7975    0.025    0.0138    0.0474    0.0806    0.4608

26920
61.1654    0.067    0.0165    0.0506    0.1039    0.5688

26940
62.5301    0.037    0.0309    0.0727    0.1364    0.5524

26960
61.1726    0.0311    0.0224    0.0519    0.0946    0.5138

26980
61.382    0.0409    0.0176    0.0446    0.091    0.5296

27000
62.3867    0.0407    0.0161    0.0517    0.1052    0.5474

27020
63.3542    0.0315    0.0151    0.0521    0.1131    0.5336

27040
62.2792    0.0205    0.0158    0.0655    0.1387    0.5847

27060
60.8643    0.0247    0.0134    0.0678    0.1154    0.5919

27080
61.7929    0.0346    0.0142    0.0638    0.1018    0.5347

27100
62.001    0.0545    0.017    0.0567    0.1048    0.568

27120
59.6559    0.1577    0.0143    0.0407    0.0992    0.5273

27140
60.9501    0.0422    0.0125    0.0405    0.0789    0.4855

27160
61.4647    0.1277    0.0158    0.039    0.0848    0.4821

27180
61.6058    0.0924    0.0137    0.0388    0.0878    0.468

27200
61.7289    0.0647    0.0302    0.0645    0.1251    0.6071

27220
61.43    0.1418    0.0201    0.0421    0.1106    0.4633

27240
60.6572    0.0813    0.0185    0.0461    0.093    0.5048

27260
60.7787    0.083    0.0183    0.0495    0.079    0.4576

27280
62.6488    0.0727    0.0158    0.0477    0.0751    0.5115

27300
62.4363    0.0871    0.014    0.0384    0.0809    0.4783

27320
60.4944    0.0383    0.0135    0.0462    0.0818    0.4722

27340
62.47    0.0969    0.0121    0.0493    0.1327    0.5754

27360
61.5487    0.0835    0.0123    0.039    0.0875    0.4862

27380
62.6716    0.0533    0.0127    0.0473    0.0963    0.5165

27400
61.4339    0.0612    0.0123    0.0516    0.1077    0.5775

27420
62.6828    0.0586    0.0124    0.056    0.1479    0.5651

27440
62.3483    0.0461    0.0137    0.0383    0.0839    0.4527

27460
60.9805    0.0983    0.0113    0.0432    0.1078    0.4878

27480
62.377    0.0383    0.0116    0.0455    0.1009    0.491

27500
62.7733    0.0626    0.01    0.044    0.0918    0.4874

27520
63.0335    0.0425    0.0115    0.0495    0.0958    0.5357

27540
60.6438    0.0765    0.0103    0.0428    0.0785    0.4261

27560
61.7468    0.0374    0.012    0.0442    0.1418    0.5343

27580
63.0751    0.0349    0.0114    0.048    0.0885    0.4942

27600
62.5871    0.0335    0.0114    0.0676    0.1427    0.5501

27620
62.8985    0.0374    0.0179    0.0582    0.1176    0.5631

27640
60.8994    0.1269    0.0137    0.0668    0.1504    0.6191

27660
59.9717    0.0603    0.0117    0.0386    0.082    0.4985

27680
63.6273    0.0599    0.0109    0.0469    0.0765    0.5092

27700
61.8379    0.0476    0.0105    0.0431    0.0912    0.486

27720
61.2756    0.0497    0.0112    0.0638    0.0896    0.5219

27740
62.7958    0.0354    0.0109    0.0654    0.2386    0.4954

27760
63.093    0.0107    0.0102    0.0507    0.0833    0.4943

27780
57.7007    0.055    0.0094    0.0354    0.0757    0.4502

27800
61.9571    0.021    0.0126    0.0495    0.0975    0.5373

27820
64.387    0.0286    0.0104    0.066    0.149    0.537

27840
61.9746    0.0702    0.0117    0.0628    0.0828    0.5378

27860
62.7746    0.0586    0.0104    0.0496    0.095    0.568

27880
61.2083    0.047    0.0099    0.0499    0.1159    0.5313

27900
62.4513    0.0342    0.0105    0.068    0.1445    0.5847

27920
60.8701    0.0828    0.0106    0.0643    0.1    0.4912

27940
62.4119    0.0797    0.0103    0.0677    0.1187    0.6107

27960
61.6739    0.0183    0.0094    0.0548    0.0949    0.4824

27980
58.6939    0.0702    0.011    0.052    0.0732    0.463

28000
62.2801    0.0582    0.0096    0.0597    0.1101    0.5599

28020
63.0298    0.0606    0.01    0.0505    0.1001    0.4612

28040
60.8795    0.075    0.0097    0.0415    0.1017    0.5596

28060
61.3452    0.0184    0.0093    0.049    0.0839    0.4798

28080
63.2123    0.0617    0.0085    0.0492    0.0902    0.5198

28100
60.7216    0.0225    0.0175    0.0601    0.1076    0.4902

28120
60.7444    0.0616    0.013    0.0547    0.124    0.5547

