gen   disc_whole   disc_mask   l1_loss   ssim_loss   percep

49260
51.5386    0.0868    0.0004    0.0406    0.0722    0.367

49280
48.4759    0.0923    0.0004    0.0514    0.0928    0.4559

49300
46.4583    0.099    0.0004    0.0437    0.0756    0.3845

49320
48.0083    0.0987    0.0008    0.0377    0.0822    0.4154

49340
49.8074    0.1134    0.0004    0.0452    0.0752    0.4406

49360
46.3413    0.0934    0.0004    0.0346    0.0636    0.3601

49380
47.7519    0.0626    0.0004    0.0415    0.094    0.4344

49400
47.5956    0.0532    0.0004    0.0411    0.0987    0.4206

49420
47.4461    0.0759    0.0004    0.0369    0.0948    0.3981

49440
46.1668    0.0678    0.0005    0.0549    0.0903    0.4536

49460
47.5891    0.0423    0.0012    0.0372    0.0694    0.3733

49480
48.4207    0.0355    0.0005    0.036    0.0801    0.4191

49500
48.3818    0.0285    0.0005    0.0533    0.0922    0.4632

49520
50.2868    0.05    0.0005    0.0371    0.0681    0.3708

49540
48.4582    0.0267    0.0011    0.0391    0.0804    0.4206

49560
47.1445    0.0463    0.0005    0.0511    0.0874    0.4202

49580
46.836    0.063    0.0004    0.0462    0.0721    0.4119

49600
49.7536    0.0327    0.0006    0.0365    0.0768    0.3567

49620
47.4357    0.0366    0.0005    0.0536    0.0826    0.3968

49640
47.5164    0.0585    0.0005    0.0482    0.093    0.4312

49660
48.8536    0.1144    0.0004    0.0513    0.066    0.3687

49680
48.4103    0.0491    0.0005    0.0396    0.0896    0.416

49700
48.577    0.0482    0.0004    0.0486    0.142    0.4223

49720
49.4403    0.02    0.0006    0.0533    0.0851    0.474

49740
48.4273    0.0265    0.0005    0.0428    0.0732    0.3864

49760
48.9238    0.0312    0.0004    0.0473    0.0977    0.4444

49780
48.3912    0.0593    0.0004    0.0346    0.0762    0.3302

49800
47.602    0.0616    0.0004    0.0481    0.0843    0.39

49820
47.8439    0.0527    0.0004    0.0404    0.0613    0.3698

49840
48.7975    0.0197    0.0004    0.0428    0.0895    0.4503

49860
47.9118    0.0239    0.0005    0.0466    0.1369    0.4139

49880
46.8489    0.0637    0.0005    0.0353    0.0633    0.3665

49900
46.4918    0.0291    0.0004    0.0404    0.1278    0.456

49920
47.5238    0.1065    0.0004    0.0487    0.1659    0.4444

49940
48.2947    0.1119    0.0004    0.0376    0.0881    0.4377

49960
47.0883    0.0812    0.0004    0.0394    0.0615    0.3858

49980
47.4294    0.0294    0.0004    0.049    0.1125    0.3303

50000
48.7616    0.0491    0.0004    0.0518    0.0922    0.4608

50020
49.0991    0.0407    0.0005    0.0327    0.0866    0.3805

50040
48.139    0.0985    0.0004    0.042    0.0816    0.4112

50060
47.7232    0.0838    0.0004    0.0426    0.0813    0.4484

50080
47.9325    0.0662    0.0004    0.0405    0.0627    0.3753

50100
47.6178    0.0279    0.0004    0.0768    0.0873    0.3837

50120
47.3329    0.0495    0.0004    0.0459    0.0872    0.4561

50140
46.5775    0.0822    0.0004    0.0434    0.1058    0.4378

50160
46.4875    0.0159    0.0004    0.0422    0.0787    0.4292

50180
48.2272    0.0402    0.0031    0.0336    0.0754    0.3897

50200
47.9503    0.0398    0.0008    0.0502    0.0962    0.5066

50220
47.9556    0.0569    0.0013    0.0668    0.1663    0.467

50240
48.6897    0.0468    0.0009    0.0722    0.0799    0.4068

50260
48.0771    0.0384    0.0006    0.0409    0.062    0.3778

50280
48.2574    0.0357    0.0006    0.0316    0.0619    0.3584

50300
48.8552    0.0163    0.0006    0.0491    0.0899    0.3812

50320
49.2459    0.0557    0.0007    0.0447    0.076    0.4383

50340
48.8049    0.0259    0.0007    0.0331    0.0711    0.3694

50360
48.7054    0.0224    0.0005    0.0557    0.0884    0.4288

50380
49.0979    0.009    0.0005    0.0405    0.0898    0.394

50400
47.2374    0.0334    0.0005    0.0295    0.0677    0.362

50420
47.1352    0.0652    0.0004    0.0617    0.1342    0.4309

50440
47.0491    0.0479    0.0004    0.0374    0.0692    0.4044

50460
48.2536    0.074    0.0004    0.0414    0.0656    0.3789

50480
46.7085    0.0186    0.0005    0.0419    0.1039    0.4418

50500
49.1822    0.0359    0.0005    0.0658    0.1089    0.4711

50520
49.198    0.0368    0.0005    0.043    0.0687    0.4287

50540
48.7161    0.0248    0.0004    0.0413    0.084    0.4094

50560
48.9354    0.0753    0.0008    0.0469    0.1167    0.4484

50580
49.1448    0.0394    0.0004    0.0362    0.0915    0.3856

50600
46.4445    0.0178    0.0004    0.0489    0.0977    0.4425

50620
47.0838    0.0242    0.0004    0.0375    0.0693    0.3518

50640
47.8543    0.0166    0.0005    0.0541    0.0759    0.3521

50660
48.1098    0.0631    0.0004    0.0409    0.0766    0.3813

50680
49.4129    0.0278    0.0003    0.0408    0.0805    0.3571

50700
46.959    0.0211    0.0003    0.0329    0.053    0.3185

50720
49.491    0.0095    0.0075    0.0438    0.0778    0.4057

50740
48.6566    0.0092    0.002    0.0449    0.1034    0.4389

50760
47.7436    0.0401    0.0026    0.039    0.0596    0.3661

50780
48.8389    0.0582    0.0027    0.0438    0.1026    0.4587

50800
51.5573    0.0295    0.0016    0.0486    0.0877    0.4677

50820
49.5146    0.1712    0.0014    0.0408    0.0922    0.364

50840
46.9723    0.2259    0.001    0.0413    0.051    0.3012

50860
46.1709    0.2091    0.0009    0.0507    0.0911    0.4684

50880
46.2504    0.1598    0.0007    0.031    0.0651    0.3775

50900
46.3633    0.195    0.0006    0.0495    0.1063    0.3916

50920
48.5811    0.1514    0.0005    0.0835    0.0549    0.3284

50940
47.561    0.1652    0.0005    0.0442    0.0631    0.3818

50960
44.921    0.1536    0.0005    0.0439    0.0993    0.4481

50980
44.9703    0.1417    0.0005    0.0504    0.0615    0.3497

51000
47.6035    0.1322    0.0005    0.0532    0.1149    0.4018

51020
47.8898    0.1369    0.0004    0.0319    0.081    0.3752

51040
47.434    0.1225    0.0004    0.0336    0.0694    0.385

51060
46.6835    0.108    0.0004    0.0573    0.1312    0.4524

51080
45.272    0.1116    0.0004    0.0366    0.0804    0.3858

51100
45.7396    0.0907    0.0004    0.0418    0.1066    0.4503

51120
49.5012    0.0834    0.0005    0.0375    0.1046    0.4357

51140
47.3374    0.0613    0.0004    0.044    0.0655    0.3364

51160
46.1876    0.0823    0.0004    0.0321    0.0778    0.3656

51180
47.4845    0.0656    0.0005    0.0459    0.0886    0.4446

51200
43.7949    0.0554    0.0004    0.058    0.0526    0.3479

51220
45.9544    0.0612    0.0004    0.0372    0.077    0.4328

51240
49.9442    0.0384    0.0004    0.0482    0.0755    0.42

51260
47.9621    0.0299    0.0004    0.0407    0.0807    0.4115

51280
48.269    0.0264    0.0004    0.0507    0.1188    0.4118

51300
47.6368    0.05    0.0004    0.0361    0.0746    0.415

51320
46.9281    0.0259    0.0004    0.0286    0.0647    0.3177

51340
47.5287    0.0228    0.0004    0.033    0.0781    0.3659

51360
48.6141    0.0137    0.0004    0.0357    0.0688    0.3756

51380
50.1826    0.0092    0.0004    0.0355    0.0785    0.3904

51400
47.9308    0.0092    0.0004    0.04    0.0888    0.4515

51420
48.623    0.0354    0.0004    0.0477    0.0922    0.4395

51440
47.6635    0.0744    0.0004    0.0484    0.0793    0.4172

51460
45.8011    0.077    0.0004    0.0459    0.0826    0.3716

51480
44.1366    0.0381    0.0003    0.0403    0.0563    0.373

51500
47.6115    0.0694    0.0004    0.0434    0.0871    0.3906

51520
49.7504    0.0612    0.0003    0.0332    0.0557    0.3287

51540
47.2626    0.1054    0.0004    0.0392    0.0847    0.4103

51560
46.5575    0.0635    0.0003    0.0481    0.09    0.4419

51580
46.5273    0.0413    0.0003    0.0516    0.0846    0.3754

51600
48.8587    0.0361    0.0004    0.0374    0.0916    0.4213

51620
47.1954    0.048    0.0003    0.0433    0.087    0.402

51640
47.4824    0.0467    0.0004    0.046    0.1169    0.4332

51660
47.8867    0.0409    0.0003    0.0416    0.0888    0.4266

51680
46.536    0.0362    0.0003    0.0382    0.0758    0.4176

51700
47.3986    0.0148    0.0003    0.0573    0.0841    0.406

51720
47.4452    0.0141    0.0004    0.0581    0.1328    0.359

51740
50.3662    0.0418    0.0004    0.0601    0.0903    0.486

51760
47.7374    0.0428    0.0003    0.0497    0.0801    0.4068

51780
47.6138    0.0836    0.0003    0.0491    0.1634    0.4287

51800
47.6197    0.0617    0.0024    0.055    0.0831    0.4172

51820
47.1306    0.0346    0.0005    0.0417    0.0848    0.3939

51840
49.1554    0.1647    0.0007    0.0354    0.0878    0.3905

51860
47.0137    0.1798    0.0009    0.0377    0.0642    0.3508

51880
45.172    0.2273    0.0007    0.0431    0.0858    0.4658

51900
44.2497    0.2323    0.0006    0.0264    0.0471    0.3151

51920
46.278    0.2386    0.0004    0.0413    0.1036    0.4234

51940
46.8105    0.1743    0.0046    0.0789    0.1308    0.5481

51960
47.5685    0.1582    0.0081    0.0431    0.0829    0.4582

51980
46.7337    0.1322    0.0091    0.0407    0.0777    0.3858

52000
45.8    0.1764    0.0061    0.0302    0.068    0.3457

52020
46.6797    0.1565    0.0023    0.027    0.058    0.3334

52040
45.8729    0.118    0.0021    0.0331    0.0753    0.3644

52060
47.2489    0.1226    0.0019    0.0418    0.1062    0.446

52080
47.4104    0.1253    0.0013    0.0509    0.0676    0.36

52100
48.7358    0.1113    0.0012    0.0392    0.0844    0.4341

52120
46.0448    0.0885    0.0008    0.037    0.0952    0.4067

52140
46.0536    0.1273    0.0012    0.0445    0.0872    0.4575

52160
45.2156    0.1422    0.0015    0.0343    0.0806    0.4003

52180
49.4222    0.0861    0.0009    0.0493    0.1144    0.5108

52200
45.8098    0.0797    0.0005    0.0371    0.0956    0.3882

52220
46.4957    0.1226    0.0006    0.0301    0.0437    0.3

52240
47.6489    0.0853    0.0006    0.0352    0.075    0.3476

52260
46.992    0.1182    0.0005    0.0416    0.0945    0.4045

52280
47.3466    0.0812    0.0005    0.0324    0.0544    0.3323

52300
43.5187    0.0751    0.0005    0.0359    0.0703    0.3629

52320
47.7399    0.0756    0.0006    0.035    0.0654    0.3507

52340
45.9058    0.0568    0.0005    0.0398    0.0911    0.4387

52360
46.5618    0.0506    0.0005    0.0422    0.0848    0.3822

52380
47.5739    0.0192    0.001    0.0431    0.0839    0.4126

52400
47.2948    0.1039    0.0004    0.0459    0.0968    0.4472

52420
47.6158    0.0859    0.0005    0.0417    0.0568    0.3635

52440
47.9596    0.0539    0.0005    0.0415    0.0779    0.4145

52460
48.4214    0.0476    0.0005    0.0462    0.0926    0.4734

52480
46.7689    0.0309    0.0004    0.0509    0.0989    0.4169

52500
46.4898    0.051    0.0006    0.0478    0.0543    0.3522

52520
47.0465    0.0356    0.0006    0.044    0.084    0.3973

52540
47.0037    0.0312    0.0004    0.0329    0.0823    0.3742

52560
47.8335    0.0295    0.0004    0.0438    0.0864    0.4255

52580
47.057    0.0142    0.0004    0.0448    0.0936    0.3894

52600
48.9254    0.0393    0.0004    0.0453    0.1106    0.5236

52620
48.249    0.023    0.0004    0.0367    0.1173    0.3476

52640
46.9785    0.0214    0.0004    0.0378    0.0538    0.3343

52660
47.9819    0.045    0.0004    0.041    0.0792    0.3775

52680
48.3911    0.0277    0.0004    0.0399    0.0939    0.3867

52700
46.4927    0.0341    0.0003    0.0407    0.0683    0.3448

52720
46.0828    0.0151    0.0004    0.0436    0.0946    0.4294

52740
46.177    0.1279    0.0004    0.0371    0.0752    0.372

