gen   disc_whole   disc_mask   l1_loss   ssim_loss   percep

20
258.7483    0.2071    0    0.4528    0.652    2.0343

40
229.7983    0.206    0    0.4218    0.5113    1.5569

60
195.3936    0.2058    0    0.3008    0.357    1.6556

80
179.9394    0.2054    0    0.3182    0.2874    1.4091

100
168.4301    0.2045    0    0.4108    0.4388    1.3764

120
143.7063    0.202    0    0.3301    0.3111    1.116

140
131.8833    0.2033    0    0.3331    0.2426    1.1101

160
122.4076    0.2025    0    0.2377    0.2334    0.9669

180
117.6733    0.1997    0    0.3346    0.3044    0.8406

200
115.7048    0.1987    0    0.2613    0.2498    0.8915

220
113.4779    0.195    0    0.2233    0.2599    0.9239

240
106.988    0.1937    0    0.2904    0.2495    0.8006

260
104.4048    0.1914    0    0.2702    0.2939    0.8221

280
103.1424    0.189    0    0.2539    0.2604    0.7414

300
101.0413    0.1895    0    0.263    0.3039    0.8018

320
98.2296    0.1876    0    0.2055    0.1684    0.6944

340
96.8888    0.188    0    0.1719    0.1601    0.7434

360
94.6144    0.1809    0    0.1862    0.1873    0.7102

380
95.5768    0.183    0    0.2565    0.1677    0.6832

400
92.395    0.1783    0    0.2282    0.2185    0.676

420
89.2033    0.1773    0    0.2504    0.2458    0.6179

440
87.3416    0.1772    0    0.1398    0.1555    0.7369

460
87.2169    0.1735    0    0.1865    0.144    0.5927

480
87.5158    0.1725    0    0.2021    0.236    0.7275

500
89.8276    0.1708    0    0.1882    0.1428    0.559

520
87.1385    0.1661    0    0.203    0.2424    0.5989

540
82.562    0.1622    0    0.2117    0.1903    0.5377

560
83.6768    0.161    0    0.2157    0.176    0.6257

580
80.1938    0.1666    0    0.1556    0.1516    0.5771

600
82.6323    0.1561    0    0.2333    0.304    0.7276

620
83.524    0.1634    0    0.2648    0.2837    0.5796

640
86.4068    0.1553    0    0.2289    0.2397    0.5456

660
83.1895    0.1523    0    0.1424    0.1472    0.5614

680
76.9466    0.1595    0    0.205    0.182    0.5599

700
80.9472    0.1414    0    0.1848    0.1705    0.6557

720
81.0416    0.1537    0    0.1651    0.1731    0.6448

740
77.3769    0.1664    0    0.1233    0.1359    0.4906

760
80.2891    0.154    0    0.135    0.1245    0.5714

780
79.2659    0.1468    0    0.1783    0.1559    0.6321

800
76.0814    0.1392    0    0.272    0.1926    0.6511

820
78.9149    0.1505    0    0.2621    0.1593    0.5613

840
80.2138    0.1495    0    0.2317    0.2196    0.5271

860
80.4685    0.143    0    0.3645    0.3652    0.6063

880
78.3084    0.1579    0    0.3051    0.2859    0.5082

900
76.7614    0.1406    0    0.2554    0.1871    0.5551

920
78.0002    0.1417    0    0.2189    0.2339    0.5676

940
75.2739    0.1504    0    0.1218    0.1497    0.5067

960
76.8954    0.1315    0    0.2963    0.336    0.5952

980
74.7178    0.1357    0    0.1717    0.1675    0.649

1000
75.9616    0.1316    0    0.183    0.1215    0.5246

1020
77.5472    0.1307    0    0.1764    0.1271    0.5161

1040
75.847    0.1273    0    0.1805    0.1531    0.6132

1060
75.7761    0.1268    0    0.1321    0.1443    0.5161

1080
76.3535    0.1295    0    0.1619    0.1765    0.5883

1100
73.4188    0.1432    0    0.1281    0.1163    0.4934

1120
76.5017    0.1289    0    0.1977    0.1734    0.5264

1140
75.27    0.1357    0    0.2708    0.2721    0.6502

1160
73.2095    0.13    0    0.229    0.1974    0.6014

1180
74.0664    0.1218    0    0.1339    0.1155    0.5498

1200
75.6079    0.1127    0    0.1723    0.1973    0.6935

1220
73.3933    0.1229    0    0.2641    0.2219    0.5551

1240
71.4685    0.1221    0    0.1403    0.1286    0.5598

1260
73.2426    0.1163    0    0.2049    0.1899    0.5662

1280
74.6302    0.1096    0    0.112    0.1317    0.5567

1300
73.1959    0.1178    0    0.215    0.2762    0.5931

1320
74.9364    0.1333    0    0.1888    0.1811    0.5584

1340
69.8809    0.1307    0    0.152    0.1223    0.5792

1360
75.285    0.1266    0    0.1052    0.0987    0.4721

1380
76.1905    0.1234    0    0.2647    0.2376    0.519

1400
72.0653    0.1164    0    0.1824    0.1475    0.5109

1420
73.1655    0.1115    0    0.1163    0.1446    0.5531

1440
68.5161    0.117    0    0.1322    0.1489    0.5018

1460
71.3844    0.1133    0    0.1311    0.1193    0.4902

1480
73.0024    0.104    0    0.1757    0.1383    0.5872

1500
73.2414    0.0988    0    0.212    0.1856    0.5482

1520
74.3718    0.1213    0    0.1236    0.1527    0.5703

1540
71.3932    0.1191    0    0.2728    0.257    0.5218

1560
71.4642    0.1054    0    0.1613    0.1689    0.5822

1580
73.7314    0.1545    0    0.1895    0.1439    0.5394

1600
74.3327    0.1197    0    0.2706    0.1566    0.544

1620
75.2264    0.115    0    0.2098    0.2653    0.6051

1640
74.0744    0.0991    0    0.2056    0.195    0.5741

1660
69.1511    0.1089    0    0.1092    0.1128    0.5064

1680
70.9989    0.1023    0    0.1731    0.2112    0.6378

1700
70.9862    0.0982    0    0.1134    0.1206    0.4301

1720
73.6459    0.1055    0    0.1655    0.1607    0.5106

1740
72.1896    0.1378    0    0.1893    0.1577    0.5032

1760
70.9258    0.1306    0    0.1908    0.2003    0.5783

1780
73.2364    0.1098    0    0.1536    0.1652    0.5217

1800
72.1055    0.0997    0    0.1665    0.1655    0.4543

1820
69.3766    0.1134    0    0.0941    0.0934    0.4812

1840
69.2398    0.1107    0    0.1884    0.1464    0.5324

1860
70.9338    0.1065    0    0.1701    0.0956    0.4252

1880
71.1814    0.1292    0    0.1625    0.1159    0.5328

1900
70.5324    0.1302    0    0.302    0.3057    0.5821

1920
71.6669    0.1159    0    0.1189    0.1374    0.5648

1940
70.5871    0.1021    0    0.0938    0.1228    0.5196

1960
66.5421    0.1112    0    0.2136    0.1699    0.5239

1980
70.9072    0.1243    0    0.1862    0.1918    0.5027

2000
70.426    0.1268    0    0.2083    0.212    0.5876

2020
70.5151    0.1097    0    0.1913    0.152    0.5868

2040
70.384    0.1222    0    0.1229    0.14    0.6423

2060
71.7527    0.0937    0    0.1696    0.1723    0.5471

2080
69.6401    0.0914    0    0.1701    0.1093    0.5229

2100
69.2255    0.1284    0    0.1199    0.1477    0.5505

2120
73.0804    0.14    0    0.1147    0.139    0.5245

2140
67.5009    0.1087    0    0.1233    0.1255    0.5363

2160
69.2972    0.1033    0    0.1639    0.1844    0.5041

2180
66.8061    0.1236    0    0.1295    0.1304    0.5044

2200
70.0448    0.1107    0    0.107    0.112    0.4754

2220
74.2627    0.102    0    0.0812    0.105    0.4495

2240
69.92    0.1037    0    0.1885    0.1388    0.4749

2260
66.1685    0.0916    0    0.1086    0.1597    0.5026

2280
68.9101    0.0993    0    0.1554    0.125    0.6083

2300
70.7725    0.1056    0    0.0972    0.1287    0.5453

2320
68.0999    0.0916    0    0.1884    0.17    0.5533

2340
68.2054    0.1049    0    0.098    0.1051    0.4758

2360
67.9939    0.0882    0    0.1455    0.1718    0.4973

2380
66.6018    0.0729    0    0.2069    0.2007    0.4969

2400
66.8103    0.0987    0    0.2345    0.1332    0.4685

2420
67.5986    0.0862    0    0.2137    0.2455    0.516

2440
73.5685    0.0759    0    0.1868    0.1084    0.5525

2460
71.7386    0.1188    0    0.1509    0.1627    0.4558

2480
71.0833    0.0834    0    0.2329    0.2126    0.5172

2500
69.0015    0.1025    0    0.117    0.1457    0.4938

2520
71.5354    0.12    0    0.1519    0.185    0.5361

2540
70.9362    0.0853    0    0.1816    0.1109    0.5269

2560
65.2557    0.0927    0    0.1187    0.1459    0.5306

2580
68.5225    0.1003    0    0.23    0.2139    0.4602

2600
68.5769    0.0865    0    0.1524    0.1017    0.4433

2620
67.9556    0.1192    0    0.1934    0.2129    0.4739

2640
69.3347    0.1045    0    0.1912    0.2507    0.5148

2660
65.8024    0.0918    0    0.1277    0.134    0.4936

2680
69.124    0.106    0    0.1741    0.1999    0.4787

2700
69.1227    0.1219    0    0.2256    0.183    0.51

2720
68.9063    0.08    0    0.0919    0.1111    0.4329

2740
68.3544    0.0869    0    0.1434    0.1268    0.5532

2760
66.7979    0.1297    0    0.2146    0.1281    0.4718

2780
69.4034    0.098    0    0.1624    0.1813    0.5232

2800
66.8698    0.1194    0    0.161    0.2031    0.4991

2820
68.2323    0.0943    0    0.2116    0.2988    0.5881

2840
66.4594    0.1062    0    0.2197    0.1363    0.5205

2860
66.7342    0.1044    0    0.1049    0.1146    0.4762

2880
67.8268    0.1074    0    0.1253    0.133    0.5338

2900
69.5805    0.1346    0    0.1576    0.147    0.6247

2920
66.1218    0.1235    0    0.0995    0.128    0.5545

2940
68.7786    0.0707    0    0.2271    0.1327    0.5117

2960
67.5881    0.0916    0    0.2258    0.2096    0.5415

2980
64.4711    0.0984    0    0.1301    0.1162    0.506

3000
69.3643    0.1247    0    0.2998    0.1292    0.485

3020
69.4116    0.0855    0    0.1304    0.1625    0.5387

3040
67.811    0.0779    0    0.1789    0.1402    0.5328

3060
67.5431    0.0989    0    0.0986    0.1168    0.4987

3080
65.1305    0.0979    0    0.149    0.1979    0.4866

3100
63.7028    0.1246    0    0.0899    0.1561    0.48

3120
66.0743    0.1159    0    0.1081    0.1514    0.4473

3140
67.5792    0.0859    0    0.1525    0.1708    0.5445

3160
70.3634    0.0921    0    0.2175    0.1216    0.5111

3180
68.8533    0.0835    0    0.1278    0.1401    0.4566

3200
68.8646    0.0676    0    0.2453    0.1489    0.5691

3220
65.8966    0.1084    0    0.1488    0.1321    0.5491

3240
66.3328    0.1174    0    0.1565    0.1161    0.5287

3260
68.0783    0.1168    0    0.1098    0.1092    0.4398

3280
67.0176    0.0891    0    0.1378    0.1511    0.5558

3300
67.0124    0.0752    0    0.1362    0.1277    0.5992

3320
66.741    0.0888    0    0.1075    0.1379    0.5008

3340
64.5953    0.0909    0    0.1831    0.1662    0.4804

3360
65.9476    0.0918    0    0.2029    0.2225    0.5097

3380
65.1604    0.1378    0    0.1278    0.1359    0.5091

3400
66.7939    0.0918    0    0.1898    0.218    0.522

3420
65.3009    0.1124    0    0.1009    0.1091    0.4235

3440
69.733    0.1075    0    0.2042    0.1297    0.4727

3460
65.4005    0.1083    0    0.1406    0.1537    0.5563

3480
67.0598    0.0857    0    0.2153    0.1254    0.5171

3500
65.273    0.073    0    0.189    0.2052    0.5912

