gen   disc_whole   disc_mask   l1_loss   ssim_loss   percep

17600
64.7026    0.0548    0    0.0529    0.093    0.472

17620
68.3257    0.0569    0    0.0482    0.1111    0.5287

17640
63.5992    0.0306    0    0.0904    0.0981    0.5521

17660
64.8604    0.085    0    0.1032    0.1411    0.583

17680
64.3526    0.0573    0    0.0514    0.0873    0.5287

17700
65.3711    0.0773    0    0.076    0.1118    0.5945

17720
64.3803    0.0861    0    0.0774    0.1101    0.5652

17740
63.7639    0.0909    0    0.0562    0.1333    0.5754

17760
64.7722    0.0571    0    0.0675    0.1096    0.577

17780
63.4949    0.1087    0    0.0426    0.085    0.4949

17800
66.794    0.0816    0    0.0823    0.1293    0.6022

17820
63.5556    0.1282    0    0.043    0.1069    0.5372

17840
63.817    0.1754    0    0.085    0.1485    0.6031

17860
65.1616    0.0913    0    0.0706    0.1281    0.5581

17880
65.1539    0.097    0    0.054    0.1033    0.5167

17900
62.3196    0.1246    0    0.0449    0.0901    0.5062

17920
64.2291    0.0889    0    0.0588    0.0886    0.4924

17940
63.5489    0.0945    0    0.0706    0.1433    0.5893

17960
64.3246    0.071    0    0.0487    0.0887    0.4913

17980
64.6156    0.0327    0    0.0541    0.1362    0.6472

18000
63.5162    0.0908    0    0.051    0.1106    0.6057

18020
65.6732    0.0687    0    0.0533    0.1037    0.5597

18040
67.2376    0.0612    0    0.0421    0.0955    0.4843

18060
62.5844    0.0423    0    0.055    0.1169    0.5594

18080
61.7983    0.0531    0    0.062    0.1153    0.5958

18100
64.2514    0.0533    0    0.0638    0.1121    0.5774

18120
62.2089    0.0518    0    0.0514    0.0818    0.5105

18140
64.3708    0.0466    0    0.0543    0.0972    0.5961

18160
64.1953    0.0523    0    0.0486    0.0924    0.5186

18180
62.4065    0.05    0    0.0505    0.0814    0.4636

18200
63.8911    0.0458    0    0.0642    0.0891    0.5002

18220
64.8617    0.0269    0    0.048    0.1025    0.5061

18240
63.3347    0.0916    0    0.0828    0.2299    0.5266

18260
63.1641    0.1433    0    0.0487    0.0989    0.4968

18280
61.6374    0.0681    0    0.0504    0.0743    0.5026

18300
63.0481    0.1362    0    0.0505    0.1021    0.5467

18320
64.8241    0.1716    0    0.0579    0.1222    0.6255

18340
61.2748    0.0973    0    0.036    0.0744    0.4819

18360
62.5245    0.1256    0    0.0821    0.1617    0.5875

18380
64.3271    0.1074    0    0.0442    0.0904    0.4888

18400
60.9744    0.0671    0    0.0534    0.1239    0.5346

18420
65.5735    0.0437    0    0.1263    0.1541    0.5953

18440
63.6058    0.0615    0    0.0563    0.1378    0.5448

18460
64.4264    0.0534    0    0.0685    0.1569    0.5791

18480
64.1162    0.0608    0    0.0555    0.1248    0.6003

18500
60.9531    0.1626    0    0.0397    0.0826    0.5314

18520
61.9295    0.1183    0    0.0479    0.0869    0.4482

18540
62.239    0.1698    0    0.0642    0.119    0.6136

18560
62.0034    0.2235    0    0.0375    0.0616    0.4289

18580
62.9349    0.1321    0    0.0617    0.1275    0.6059

18600
62.2746    0.1632    0    0.0599    0.133    0.4772

18620
63.0708    0.1062    0    0.0529    0.1063    0.5692

18640
63.912    0.1155    0    0.0646    0.0857    0.4971

18660
64.4974    0.1051    0    0.1507    0.4048    0.6027

18680
62.4679    0.1067    0    0.0481    0.0853    0.5033

18700
65.2591    0.0734    0    0.056    0.12    0.6001

18720
63.4933    0.1482    0    0.0478    0.1085    0.6122

18740
63.0369    0.0628    0    0.0926    0.2271    0.6094

18760
65.1631    0.0763    0    0.0399    0.0796    0.5164

18780
63.5082    0.0737    0    0.0526    0.1007    0.5117

18800
62.7687    0.1109    0    0.0936    0.0816    0.5093

18820
64.7095    0.039    0    0.0677    0.0927    0.5446

18840
62.8767    0.0638    0    0.0586    0.1133    0.5475

18860
63.4506    0.1252    0    0.0495    0.0843    0.4924

18880
64.9517    0.0985    0    0.0568    0.113    0.5219

18900
61.6956    0.0548    0    0.0567    0.1153    0.5336

18920
63.7928    0.0382    0    0.0467    0.0921    0.484

18940
63.4685    0.0485    0    0.0688    0.1318    0.676

18960
63.1314    0.066    0    0.0894    0.1637    0.555

18980
62.0896    0.0584    0    0.0598    0.1189    0.4247

19000
63.6194    0.0302    0    0.0507    0.1112    0.5249

19020
66.0307    0.0428    0    0.0654    0.1265    0.6202

19040
61.0644    0.0441    0    0.0376    0.083    0.4864

19060
63.0627    0.0619    0    0.0422    0.1015    0.5338

19080
63.07    0.1405    0    0.0657    0.1146    0.5901

19100
61.8227    0.0674    0    0.05    0.0862    0.525

19120
64.2691    0.064    0    0.0587    0.126    0.5878

19140
61.5321    0.0553    0    0.0435    0.0687    0.4555

19160
63.6016    0.0674    0    0.0904    0.2692    0.5212

19180
62.1578    0.0687    0    0.0652    0.0948    0.523

19200
63.6663    0.0706    0    0.0411    0.0829    0.4528

19220
63.9492    0.044    0    0.0558    0.105    0.5203

19240
63.7924    0.0231    0    0.0524    0.0929    0.5091

19260
63.4001    0.0273    0    0.0559    0.0818    0.5053

19280
66.3452    0.0658    0    0.0727    0.1221    0.5785

19300
65.2856    0.1233    0    0.0712    0.2316    0.6358

19320
62.3298    0.1117    0    0.0433    0.0886    0.5101

19340
64.3924    0.0831    0    0.0638    0.0989    0.5787

19360
66.1548    0.1187    0    0.0514    0.1051    0.5464

19380
61.8441    0.1228    0    0.0728    0.0876    0.503

19400
63.6665    0.1621    0    0.0568    0.1289    0.5606

19420
66.9634    0.1069    0    0.0705    0.1796    0.5601

19440
64.1085    0.1217    0    0.0508    0.0939    0.4898

19460
61.3807    0.1285    0    0.0526    0.1325    0.581

19480
61.8427    0.0714    0    0.0627    0.1278    0.5407

19500
65.9675    0.1022    0    0.0462    0.1317    0.5628

19520
64.6518    0.0923    0    0.0503    0.0925    0.5266

19540
62.8213    0.0722    0    0.0552    0.1006    0.5623

19560
63.3414    0.0747    0    0.0535    0.1313    0.6096

19580
61.8574    0.0781    0    0.1134    0.16    0.6099

19600
63.5161    0.0746    0    0.0549    0.1146    0.5555

19620
63.9573    0.1541    0    0.0983    0.1435    0.6007

19640
61.1771    0.1116    0    0.0652    0.1007    0.5623

19660
63.0351    0.2105    0    0.1084    0.2706    0.475

19680
62.8077    0.2047    0    0.0489    0.0949    0.5136

19700
60.8771    0.1531    0    0.0605    0.1819    0.5632

19720
64.4153    0.1773    0    0.0687    0.131    0.581

19740
63.4266    0.1745    0    0.0583    0.1645    0.4825

19760
62.5915    0.1624    0    0.0471    0.1106    0.5162

19780
62.9422    0.1399    0    0.0583    0.0986    0.5376

19800
59.3549    0.1016    0    0.0389    0.0951    0.5035

19820
61.1736    0.1161    0    0.0554    0.1181    0.5353

19840
62.6699    0.1087    0    0.0592    0.1219    0.5491

19860
61.8423    0.1063    0    0.0663    0.1334    0.6702

19880
64.4963    0.1159    0    0.0541    0.1235    0.6044

19900
63.572    0.0836    0    0.0673    0.1189    0.5671

19920
61.2378    0.0819    0    0.0594    0.1077    0.5425

19940
62.5538    0.0755    0    0.0409    0.0803    0.4814

19960
62.1777    0.0773    0    0.0561    0.143    0.5171

19980
62.2026    0.0663    0    0.0483    0.1254    0.5259

20000
64.5143    0.0683    0    0.0506    0.0968    0.5098

20020
64.0514    0.0605    0    0.0669    0.1642    0.6052

20040
64.383    0.0463    0    0.0457    0.0842    0.4886

20060
65.0341    0.0686    0    0.0554    0.1157    0.5575

20080
63.4024    0.0692    0    0.0567    0.0852    0.4805

20100
63.8639    0.0225    0    0.0634    0.0987    0.5121

20120
61.3329    0.057    0    0.0509    0.0923    0.4991

20140
64.5981    0.1096    0    0.0409    0.0786    0.4949

20160
61.5601    0.0713    0    0.0427    0.0954    0.5116

20180
63.4526    0.1029    0    0.0461    0.0893    0.5083

20200
63.9184    0.1603    0    0.065    0.1588    0.5921

20220
63.9646    0.0697    0    0.0592    0.1144    0.5487

20240
62.6821    0.0711    0    0.0793    0.1848    0.5005

20260
60.0599    0.0998    0    0.0376    0.0951    0.4431

20280
62.1126    0.0565    0    0.0526    0.1197    0.5935

20300
63.1431    0.0794    0    0.0549    0.1054    0.5368

20320
61.1698    0.0391    0    0.0706    0.1778    0.5773

20340
64.4169    0.0597    0    0.0595    0.1071    0.5251

20360
62.3782    0.0876    0    0.0382    0.0847    0.4919

20380
64.1983    0.0714    0    0.0631    0.1105    0.5425

20400
63.5935    0.0658    0    0.0594    0.107    0.5392

20420
63.2532    0.0671    0    0.0495    0.0891    0.5229

20440
62.2862    0.1011    0    0.047    0.0811    0.5319

20460
62.9636    0.0828    0    0.0638    0.1341    0.4787

20480
61.2159    0.1036    0    0.0493    0.1017    0.5085

20500
61.4971    0.0524    0    0.0693    0.1058    0.5836

20520
62.1807    0.0674    0    0.0419    0.0826    0.4839

20540
64.1935    0.0482    0    0.0575    0.1178    0.5524

20560
63.7075    0.055    0    0.0608    0.1019    0.5706

20580
63.2944    0.1393    0    0.0591    0.1181    0.5214

20600
61.8421    0.1599    0    0.0563    0.0894    0.5497

20620
64.9162    0.1038    0    0.0572    0.1074    0.586

20640
61.7835    0.0911    0    0.0553    0.0921    0.5124

20660
63.8249    0.0586    0    0.0519    0.1123    0.583

20680
62.7299    0.0938    0    0.0734    0.1151    0.534

20700
63.5886    0.0916    0    0.0499    0.0803    0.4896

20720
64.646    0.0447    0    0.0784    0.1035    0.5349

20740
65.1984    0.0433    0    0.0533    0.1141    0.4992

20760
61.6734    0.0387    0    0.0461    0.1107    0.519

20780
62.7925    0.0204    0    0.0865    0.115    0.5366

20800
63.6915    0.105    0    0.066    0.1363    0.5969

20820
61.5853    0.0579    0    0.0413    0.1148    0.5343

20840
62.9    0.0468    0    0.0564    0.1382    0.6248

20860
62.1347    0.0346    0    0.0464    0.0838    0.4524

20880
63.1825    0.0378    0    0.1065    0.2404    0.5216

20900
62.6172    0.0572    0    0.0823    0.1094    0.4765

20920
62.236    0.0485    0    0.0742    0.1083    0.5387

20940
63.8904    0.0424    0    0.044    0.1215    0.5276

20960
62.9361    0.0372    0    0.0541    0.0998    0.4698

20980
64.8151    0.0542    0    0.052    0.0897    0.5291

21000
62.4723    0.0387    0    0.05    0.0859    0.5382

21020
63.0584    0.0434    0    0.0593    0.0794    0.4982

21040
60.8906    0.0745    0    0.0431    0.078    0.4562

21060
62.7175    0.1061    0    0.0491    0.1002    0.5202

21080
62.8375    0.1054    0    0.0503    0.1168    0.5621

