gen   disc_whole   disc_mask   l1_loss   ssim_loss   percep

42220
48.6777    0.1078    0.0054    0.0457    0.0698    0.3787

42240
50.9497    0.1353    0.0041    0.0448    0.0823    0.4206

42260
47.8362    0.0445    0.0034    0.0421    0.0739    0.4009

42280
49.3875    0.0284    0.0028    0.0464    0.0724    0.3968

42300
47.7965    0.0376    0.0027    0.0476    0.0981    0.4566

42320
49.9874    0.0667    0.005    0.0477    0.0641    0.4213

42340
47.3744    0.0626    0.0021    0.0369    0.0718    0.3455

42360
48.5639    0.0409    0.0027    0.0503    0.0662    0.3892

42380
50.0692    0.0193    0.0026    0.0459    0.0662    0.3779

42400
49.3251    0.0652    0.0022    0.0683    0.0896    0.4661

42420
48.2891    0.066    0.0023    0.05    0.089    0.4231

42440
50.1681    0.1031    0.0019    0.0418    0.0938    0.4415

42460
46.7093    0.1248    0.0016    0.044    0.123    0.4026

42480
48.063    0.1547    0.0014    0.0436    0.087    0.4226

42500
49.7771    0.0762    0.0016    0.0389    0.0633    0.3443

42520
47.6267    0.0855    0.0021    0.0549    0.0879    0.4607

42540
45.9267    0.0734    0.0015    0.035    0.0659    0.381

42560
46.0037    0.0422    0.0014    0.0504    0.0867    0.4428

42580
47.8884    0.0192    0.0015    0.044    0.0843    0.3732

42600
48.858    0.056    0.0014    0.0452    0.0818    0.428

42620
47.9371    0.0278    0.0014    0.0362    0.0788    0.4158

42640
48.061    0.0445    0.002    0.0538    0.1311    0.4571

42660
47.9141    0.0458    0.0013    0.0574    0.1063    0.4507

42680
49.6385    0.0246    0.0028    0.0459    0.0902    0.426

42700
49.4427    0.0252    0.0017    0.0444    0.0846    0.4376

42720
48.4941    0.0471    0.0016    0.0385    0.0796    0.4073

42740
48.9693    0.0409    0.0013    0.0458    0.0828    0.4062

42760
47.9984    0.0566    0.0014    0.0431    0.0982    0.4237

42780
50.0316    0.0184    0.0014    0.0523    0.0899    0.4126

42800
46.2134    0.022    0.0016    0.0425    0.094    0.3867

42820
49.6705    0.0854    0.0012    0.0456    0.1038    0.4807

42840
48.3724    0.0483    0.0012    0.0524    0.0805    0.4186

42860
47.579    0.0222    0.0012    0.0361    0.0587    0.3711

42880
47.2158    0.0195    0.0013    0.0308    0.0664    0.3733

42900
48.5808    0.0187    0.0012    0.0405    0.0675    0.3359

42920
48.9027    0.0144    0.0027    0.0565    0.0859    0.433

42940
49.9879    0.0135    0.0013    0.0731    0.0847    0.4769

42960
47.1246    0.0159    0.0013    0.0358    0.085    0.4165

42980
49.0491    0.0236    0.0014    0.061    0.1226    0.5682

43000
48.9558    0.0131    0.0012    0.0429    0.0696    0.3485

43020
47.3338    0.0072    0.0012    0.0452    0.0871    0.3801

43040
49.3369    0.0252    0.0011    0.0375    0.0635    0.4007

43060
48.4949    0.0182    0.0012    0.0412    0.1035    0.4528

43080
49.7649    0.0171    0.001    0.0474    0.0983    0.3766

43100
47.325    0.0141    0.001    0.0381    0.08    0.3929

43120
48.0513    0.0711    0.001    0.0295    0.0689    0.3502

43140
48.6447    0.1148    0.001    0.0547    0.077    0.3985

43160
48.1059    0.2195    0.0011    0.0406    0.0771    0.4088

43180
48.5138    0.1612    0.0016    0.042    0.0826    0.396

43200
47.6126    0.0909    0.001    0.0593    0.0748    0.4169

43220
47.6661    0.1085    0.001    0.0485    0.0983    0.452

43240
48.3005    0.0768    0.0011    0.0451    0.0867    0.3915

43260
50.6759    0.0675    0.001    0.0419    0.0677    0.3577

43280
49.5579    0.0347    0.001    0.0432    0.0822    0.3781

43300
48.451    0.0436    0.0009    0.0466    0.0956    0.4596

43320
50.3639    0.0562    0.0009    0.0407    0.0784    0.4074

43340
47.9987    0.0755    0.0013    0.0468    0.0699    0.4008

43360
47.7205    0.0398    0.0011    0.057    0.0864    0.4429

43380
48.6561    0.0498    0.0013    0.0394    0.0696    0.3473

43400
49.1199    0.0287    0.0012    0.0326    0.0681    0.3412

43420
51.3715    0.085    0.001    0.0494    0.0853    0.4664

43440
48.1719    0.0564    0.001    0.0641    0.1985    0.4084

43460
48.2739    0.048    0.0011    0.0535    0.0945    0.3852

43480
49.7084    0.0468    0.001    0.0368    0.0684    0.3673

43500
47.3783    0.0743    0.001    0.063    0.0782    0.4651

43520
50.4094    0.0336    0.0009    0.0398    0.0962    0.4607

43540
48.3858    0.0265    0.0008    0.068    0.1785    0.4628

43560
50.0481    0.0623    0.0011    0.0333    0.0656    0.375

43580
49.5194    0.0711    0.0012    0.0392    0.0752    0.4227

43600
50.9276    0.0542    0.0009    0.0617    0.1083    0.4707

43620
46.8617    0.0323    0.0008    0.0477    0.1166    0.4152

43640
46.9048    0.0394    0.0008    0.0371    0.0681    0.3725

43660
46.6363    0.0293    0.0009    0.0493    0.1932    0.3629

43680
49.3786    0.0575    0.0009    0.0461    0.0732    0.4142

43700
48.701    0.0488    0.0009    0.0393    0.0756    0.392

43720
47.122    0.0584    0.001    0.055    0.0646    0.3684

43740
45.7822    0.0443    0.0009    0.0448    0.1506    0.3693

43760
47.9151    0.0493    0.0008    0.0577    0.0846    0.4125

43780
47.7128    0.0872    0.0009    0.0566    0.0558    0.3505

43800
48.2789    0.1367    0.0016    0.0465    0.1002    0.3786

43820
48.4964    0.09    0.0011    0.0396    0.0651    0.382

43840
47.2111    0.0617    0.0009    0.0389    0.065    0.4064

43860
48.3773    0.0368    0.001    0.0501    0.123    0.4167

43880
48.649    0.05    0.0009    0.0442    0.084    0.4211

43900
50.233    0.0283    0.0009    0.0423    0.0983    0.4434

43920
47.8318    0.0366    0.0008    0.0437    0.0963    0.412

43940
46.1967    0.0283    0.0008    0.0427    0.0552    0.3386

43960
48.4497    0.053    0.0011    0.0384    0.0813    0.396

43980
48.0924    0.0226    0.0008    0.041    0.0792    0.3743

44000
47.306    0.0232    0.001    0.0456    0.0801    0.4046

44020
49.3    0.0121    0.0009    0.0484    0.1001    0.4378

44040
48.0038    0.0117    0.0008    0.0355    0.0638    0.3546

44060
47.6372    0.0165    0.0016    0.0315    0.0619    0.3528

44080
49.0571    0.0105    0.001    0.0453    0.075    0.4387

44100
47.8257    0.0107    0.0171    0.0462    0.0676    0.42

44120
47.8921    0.0148    0.0127    0.0465    0.0697    0.4147

44140
48.9277    0.0123    0.0151    0.0375    0.0799    0.42

44160
48.2278    0.0506    0.004    0.0345    0.0685    0.3678

44180
49.0827    0.0201    0.0072    0.0317    0.066    0.3793

44200
48.3676    0.0481    0.0047    0.047    0.101    0.4256

44220
48.1174    0.0336    0.003    0.0461    0.0862    0.4162

44240
46.4318    0.05    0.002    0.0384    0.0584    0.3606

44260
49.4908    0.0362    0.002    0.052    0.0868    0.4552

44280
48.5883    0.0249    0.0018    0.0408    0.0749    0.3882

44300
48.1393    0.0236    0.0014    0.0469    0.0757    0.4217

44320
48.5903    0.0871    0.0013    0.0475    0.0716    0.394

44340
46.9613    0.0764    0.0017    0.0466    0.1309    0.4018

44360
49.4427    0.0427    0.0011    0.0384    0.0817    0.4185

44380
49.1985    0.032    0.0012    0.0521    0.0979    0.4402

44400
46.447    0.075    0.0012    0.0349    0.0748    0.4183

44420
48.4636    0.0545    0.0011    0.0381    0.0884    0.406

44440
47.9839    0.0555    0.001    0.0622    0.0885    0.4258

44460
50.0509    0.0569    0.0008    0.0323    0.0674    0.3913

44480
47.631    0.0287    0.001    0.0481    0.0986    0.4838

44500
49.4038    0.021    0.0013    0.0505    0.097    0.4281

44520
48.1602    0.0214    0.0009    0.033    0.0734    0.3468

44540
48.2491    0.0265    0.0027    0.0354    0.0564    0.3215

44560
48.031    0.0876    0.0011    0.0326    0.0581    0.3237

44580
46.7927    0.0626    0.0019    0.0873    0.0791    0.39

44600
49.2975    0.033    0.001    0.0596    0.1506    0.4069

44620
47.9764    0.0495    0.0013    0.0421    0.0694    0.3803

44640
49.6234    0.1131    0.0013    0.0444    0.0913    0.4727

44660
48.2244    0.0199    0.0008    0.0448    0.0599    0.3587

44680
47.4643    0.0723    0.0009    0.0409    0.0773    0.3786

44700
45.6561    0.1449    0.0009    0.034    0.0797    0.3964

44720
47.8434    0.0352    0.0009    0.0479    0.1014    0.4466

44740
46.6454    0.1376    0.0008    0.0618    0.0756    0.4175

44760
48.0526    0.0799    0.0008    0.045    0.0693    0.3962

44780
50.7135    0.0936    0.0008    0.049    0.1031    0.5109

44800
47.5993    0.0997    0.0008    0.033    0.0807    0.4149

44820
49.9328    0.0905    0.0007    0.0444    0.0891    0.4076

44840
49.3791    0.0383    0.0008    0.0482    0.067    0.3574

44860
49.0776    0.037    0.0007    0.0357    0.0762    0.4196

44880
48.022    0.0302    0.001    0.0478    0.0769    0.3782

44900
48.0085    0.0564    0.0008    0.0426    0.0675    0.3758

44920
47.7995    0.0581    0.0008    0.0506    0.086    0.4612

44940
48.3561    0.0442    0.0026    0.1153    0.1722    0.5202

44960
48.5784    0.0162    0.0008    0.0323    0.057    0.3413

44980
50.0544    0.014    0.0009    0.0348    0.0692    0.3774

45000
49.8012    0.0186    0.001    0.0462    0.0828    0.4235

45020
49.2368    0.0152    0.0011    0.0874    0.1329    0.5545

45040
47.3134    0.0171    0.0009    0.0436    0.0863    0.4253

45060
47.7452    0.0232    0.0008    0.0377    0.0665    0.3794

45080
47.1432    0.0151    0.0008    0.0379    0.0604    0.3854

45100
46.6662    0.0242    0.0014    0.0336    0.0899    0.4097

45120
52.8825    0.0203    0.0008    0.0536    0.1353    0.4485

45140
49.8671    0.0142    0.0008    0.0475    0.0985    0.473

45160
49.5775    0.0186    0.0008    0.0626    0.1129    0.613

45180
49.4657    0.0158    0.0008    0.0359    0.0727    0.3965

45200
48.9537    0.0531    0.0008    0.0614    0.086    0.4433

45220
48.6634    0.0438    0.0007    0.0341    0.0753    0.3671

45240
48.8825    0.0241    0.0013    0.0417    0.0675    0.3794

45260
49.0289    0.0159    0.0008    0.0333    0.0733    0.3798

45280
47.1094    0.0778    0.0007    0.0384    0.0799    0.4085

45300
47.6469    0.0707    0.001    0.062    0.0955    0.4137

45320
50.0406    0.0589    0.0007    0.0655    0.0949    0.4495

45340
47.6703    0.058    0.0006    0.0497    0.0859    0.407

45360
48.689    0.0564    0.0009    0.0466    0.0595    0.3536

45380
49.2688    0.0592    0.0007    0.0306    0.0652    0.3849

45400
50.0495    0.0317    0.0008    0.0362    0.0737    0.4235

45420
47.9367    0.058    0.0008    0.0434    0.1029    0.4154

45440
46.4722    0.095    0.0006    0.0383    0.0817    0.3785

45460
48.5245    0.0669    0.0007    0.0447    0.0739    0.4053

45480
48.5016    0.0626    0.0006    0.0394    0.0676    0.3815

45500
47.3693    0.0793    0.0006    0.0439    0.0736    0.3933

45520
48.1703    0.0494    0.0007    0.0351    0.0638    0.4003

45540
48.9155    0.1493    0.0009    0.0312    0.0782    0.3332

45560
46.7908    0.0641    0.0007    0.0477    0.0878    0.4334

45580
48.1285    0.0525    0.0007    0.0341    0.0749    0.3628

45600
45.2157    0.0422    0.0013    0.0418    0.0582    0.3524

45620
48.5995    0.0294    0.0007    0.0466    0.088    0.4522

45640
47.8044    0.0396    0.0014    0.0533    0.1027    0.3877

45660
48.7018    0.0197    0.0007    0.0431    0.0854    0.4404

45680
47.2428    0.0243    0.0008    0.048    0.0859    0.413

45700
45.7511    0.0179    0.0006    0.0447    0.0972    0.3754

