gen   disc_whole   disc_mask   l1_loss   ssim_loss   percep

14100
56.6302    0.0759    0    0.0686    0.1143    0.5342

14120
54.8866    0.098    0    0.0724    0.116    0.45

14140
54.5784    0.0694    0    0.0723    0.0752    0.4167

14160
56.6833    0.0826    0    0.0391    0.0898    0.433

14180
55.3506    0.0617    0    0.0833    0.1151    0.469

14200
52.6014    0.0488    0    0.0611    0.0801    0.446

14220
58.4653    0.0446    0    0.0648    0.0926    0.4488

14240
52.8211    0.0756    0    0.0484    0.107    0.4305

14260
53.5994    0.0618    0    0.0555    0.0847    0.4582

14280
51.8796    0.0587    0    0.048    0.0702    0.4026

14300
55.8084    0.0299    0    0.0471    0.0728    0.3893

14320
55.2393    0.0232    0    0.0767    0.2209    0.4385

14340
56.5776    0.0543    0    0.0824    0.1854    0.5313

14360
55.3032    0.0837    0    0.0851    0.0994    0.4361

14380
57.4889    0.0539    0    0.0589    0.092    0.3916

14400
54.4091    0.0473    0    0.0953    0.1071    0.5139

14420
53.4343    0.0647    0    0.0705    0.0691    0.3596

14440
51.4029    0.0379    0    0.0439    0.11    0.4129

14460
53.659    0.0845    0    0.0369    0.068    0.3714

14480
54.4761    0.1374    0    0.0746    0.1152    0.5116

14500
52.7818    0.1456    0    0.0721    0.088    0.4982

14520
51.4343    0.1196    0    0.0512    0.0663    0.3385

14540
52.8825    0.1036    0    0.0524    0.0886    0.4407

14560
53.2514    0.1152    0    0.0643    0.1259    0.4223

14580
53.9927    0.1146    0    0.0684    0.1019    0.517

14600
56.2533    0.0971    0    0.0528    0.1018    0.5173

14620
54.0494    0.1074    0    0.0494    0.0982    0.4364

14640
53.1566    0.0951    0    0.0585    0.0863    0.4342

14660
55.3314    0.0696    0    0.0534    0.0885    0.4492

14680
52.515    0.0754    0    0.0857    0.0886    0.4797

14700
54.7828    0.0348    0    0.091    0.1467    0.4634

14720
54.5395    0.0367    0    0.0949    0.0806    0.4134

14740
55.0095    0.0366    0    0.049    0.0863    0.4416

14760
55.9137    0.0749    0    0.1051    0.118    0.5674

14780
53.9113    0.0642    0    0.0619    0.1099    0.496

14800
54.6296    0.0555    0    0.0776    0.1164    0.5021

14820
57.2815    0.0609    0    0.053    0.096    0.4769

14840
50.9121    0.0414    0    0.0492    0.098    0.4565

14860
51.8467    0.0555    0    0.0341    0.0794    0.3628

14880
53.2938    0.0952    0    0.0635    0.1321    0.5207

14900
53.5682    0.0679    0    0.0669    0.0848    0.4771

14920
52.5223    0.0334    0    0.0719    0.1172    0.4199

14940
55.0339    0.0489    0    0.0849    0.0868    0.4729

14960
56.8652    0.0423    0    0.0567    0.1012    0.4396

14980
53.4505    0.1035    0    0.082    0.0967    0.5016

15000
53.6513    0.0356    0    0.0745    0.1132    0.4453

15020
55.4196    0.0902    0    0.0474    0.0914    0.425

15040
54.5534    0.0545    0    0.0646    0.1095    0.5064

15060
51.1728    0.065    0    0.0488    0.1238    0.4804

15080
53.5472    0.0426    0    0.0508    0.076    0.4018

15100
53.1664    0.0722    0    0.0961    0.1353    0.5613

15120
53.5378    0.228    0    0.0759    0.1096    0.4645

15140
54.8406    0.1652    0    0.0721    0.1192    0.513

15160
53.76    0.1488    0    0.0779    0.2089    0.4873

15180
53.7601    0.0868    0    0.0629    0.0765    0.421

15200
54.2616    0.1483    0    0.0626    0.0788    0.4197

15220
54.0183    0.0922    0    0.0432    0.0775    0.4083

15240
54.4977    0.1076    0    0.0669    0.112    0.501

15260
54.7372    0.076    0    0.0605    0.0833    0.4279

15280
50.1635    0.0926    0    0.0573    0.0668    0.3683

15300
54.7444    0.0885    0    0.0933    0.1767    0.4722

15320
54.0248    0.0716    0    0.0505    0.0776    0.453

15340
52.7309    0.0688    0    0.0688    0.1099    0.5788

15360
54.082    0.0899    0    0.0762    0.1683    0.5041

15380
54.6081    0.0507    0    0.0609    0.1035    0.4528

15400
53.1928    0.0285    0    0.0494    0.0787    0.4027

15420
52.9396    0.0573    0    0.0426    0.0744    0.4276

15440
55.5903    0.0722    0    0.0588    0.106    0.498

15460
52.7139    0.0647    0    0.0578    0.1038    0.4348

15480
54.7122    0.0447    0    0.049    0.0705    0.4261

15500
54.3044    0.0547    0    0.0602    0.1127    0.4476

15520
54.8177    0.0459    0    0.1123    0.2631    0.5018

15540
55.5072    0.0776    0    0.0588    0.102    0.4611

15560
53.9358    0.0275    0    0.0435    0.0839    0.4059

15580
51.733    0.0356    0    0.0589    0.0939    0.3705

15600
53.1004    0.0576    0    0.0549    0.09    0.4293

15620
52.9412    0.0286    0    0.0593    0.084    0.415

15640
55.8924    0.0327    0    0.0586    0.0981    0.4462

15660
53.2312    0.0274    0    0.0882    0.1575    0.4476

15680
52.7443    0.0589    0    0.0596    0.0744    0.3988

15700
52.9187    0.0629    0    0.0537    0.0871    0.4634

15720
53.6224    0.0411    0    0.1063    0.2434    0.5031

15740
54.9296    0.031    0    0.0744    0.1564    0.4749

15760
53.1295    0.0475    0    0.0667    0.1436    0.4794

15780
52.9517    0.0638    0    0.0488    0.0806    0.3847

15800
55.2933    0.0631    0    0.067    0.1367    0.4769

15820
52.7209    0.0504    0    0.0514    0.0861    0.4355

15840
52.5401    0.0827    0    0.0622    0.1232    0.4815

15860
55.2827    0.0625    0    0.1245    0.0859    0.4562

15880
53.6561    0.0963    0    0.0459    0.1037    0.4421

15900
53.8049    0.0453    0    0.0623    0.1141    0.4228

15920
53.5332    0.1184    0    0.048    0.0943    0.3896

15940
51.8969    0.0848    0    0.0704    0.0932    0.5058

15960
55.5247    0.0416    0    0.097    0.1061    0.4567

15980
53.3732    0.06    0    0.0782    0.0855    0.426

16000
54.013    0.0233    0    0.0881    0.1742    0.4325

16020
55.1786    0.0365    0    0.0439    0.0808    0.4256

16040
53.7326    0.064    0    0.0507    0.1333    0.4859

16060
54.8448    0.0757    0    0.0498    0.0952    0.4397

16080
51.6687    0.0936    0    0.0508    0.1067    0.4662

16100
52.8849    0.0871    0    0.0511    0.0754    0.4045

16120
51.5742    0.102    0    0.0834    0.1059    0.4389

16140
52.5035    0.139    0    0.038    0.0894    0.388

16160
50.4832    0.0721    0    0.0483    0.0728    0.4028

16180
53.393    0.1352    0    0.0511    0.0885    0.4231

16200
53.8782    0.1273    0    0.1348    0.1024    0.4756

16220
51.7713    0.0919    0    0.063    0.08    0.3974

16240
50.3348    0.0851    0    0.0556    0.0935    0.3976

16260
52.7475    0.0833    0    0.1005    0.1543    0.4283

16280
54.3929    0.0406    0    0.0522    0.0772    0.3972

16300
53.8987    0.0679    0    0.0667    0.1127    0.3842

16320
55.3179    0.0593    0    0.0979    0.2049    0.4731

16340
53.5812    0.0897    0    0.0816    0.1869    0.4124

16360
54.3674    0.0498    0    0.0819    0.0816    0.4849

16380
54.5598    0.0459    0    0.0603    0.1128    0.4376

16400
50.8312    0.0459    0    0.053    0.0821    0.3924

16420
53.9651    0.0462    0    0.0478    0.0814    0.3939

16440
53.6261    0.07    0    0.11    0.1591    0.4963

16460
52.5158    0.1559    0    0.0778    0.1035    0.4303

16480
50.5631    0.1094    0    0.057    0.1101    0.4353

16500
52.4661    0.0511    0    0.0342    0.0685    0.3804

16520
55.3979    0.0955    0    0.0621    0.0845    0.4312

16540
52.8959    0.0345    0    0.0441    0.0779    0.3924

16560
52.4683    0.0941    0    0.1144    0.1669    0.5055

16580
54.1438    0.1004    0    0.0703    0.1742    0.4483

16600
54.0752    0.0651    0    0.0477    0.0756    0.4194

16620
51.5702    0.0849    0    0.0356    0.0598    0.3623

16640
52.259    0.0728    0    0.0533    0.0738    0.3921

16660
51.1629    0.1076    0    0.0461    0.0734    0.3846

16680
55.0728    0.0987    0    0.0614    0.127    0.4876

16700
52.4167    0.0471    0    0.0626    0.1476    0.4379

16720
54.1935    0.0487    0    0.0583    0.1349    0.4738

16740
53.3848    0.0615    0    0.1065    0.1393    0.5922

16760
53.8248    0.0487    0    0.0477    0.0872    0.3876

16780
51.4293    0.0531    0    0.0864    0.13    0.491

16800
51.0375    0.0478    0    0.0589    0.0622    0.3818

16820
51.8065    0.0927    0    0.0572    0.1135    0.4915

16840
53.7844    0.0441    0    0.0623    0.1121    0.4721

16860
51.1548    0.0566    0    0.0449    0.0967    0.4377

16880
52.888    0.0395    0    0.0685    0.0908    0.4166

16900
52.5651    0.0789    0    0.0837    0.0843    0.4385

16920
52.5061    0.0626    0    0.0738    0.1261    0.5353

16940
51.8429    0.072    0    0.0529    0.1138    0.3983

16960
53.1286    0.0503    0    0.0294    0.0602    0.3157

16980
53.3307    0.073    0    0.0465    0.0601    0.374

17000
52.7388    0.0565    0    0.0508    0.0729    0.3981

17020
52.3014    0.0635    0    0.0698    0.0797    0.4304

17040
54.7399    0.142    0    0.0676    0.0967    0.4239

17060
54.0858    0.1209    0    0.0573    0.0828    0.4303

17080
52.7344    0.0498    0    0.0591    0.0749    0.3803

17100
52.9985    0.0758    0    0.0852    0.2102    0.5267

17120
52.3171    0.095    0    0.0533    0.0795    0.3884

17140
54.6233    0.0711    0    0.0525    0.0988    0.4233

17160
53.0618    0.0631    0    0.0458    0.0739    0.4141

17180
50.2806    0.0595    0    0.0517    0.0994    0.4229

17200
54.3207    0.0995    0    0.0533    0.1011    0.4283

17220
52.9973    0.0637    0    0.0613    0.0809    0.4127

17240
52.785    0.0564    0    0.0651    0.0797    0.4032

17260
53.4526    0.0335    0    0.0655    0.1035    0.5512

17280
52.9975    0.0332    0    0.08    0.1973    0.4489

17300
54.2151    0.0425    0    0.0875    0.1288    0.4943

17320
52.6726    0.0521    0    0.0736    0.0818    0.4301

17340
52.2651    0.037    0    0.0643    0.1091    0.4876

17360
51.3126    0.0524    0    0.0617    0.0868    0.471

17380
52.0034    0.0771    0    0.0676    0.0787    0.399

17400
52.0723    0.0373    0    0.058    0.1329    0.4281

17420
51.5444    0.0592    0    0.0502    0.0719    0.381

17440
52.5959    0.0644    0    0.0599    0.0723    0.4197

17460
52.1683    0.0426    0    0.0379    0.0801    0.3999

17480
51.1947    0.0322    0    0.0563    0.1554    0.481

17500
53.5394    0.0348    0    0.0732    0.1371    0.4224

17520
52.8717    0.0495    0    0.0675    0.0956    0.4892

17540
54.2922    0.0546    0    0.0452    0.1185    0.418

17560
52.0418    0.0332    0    0.0667    0.1057    0.454

